Year	KLA0101A	KLA0101B	KLA0102A	KLA0102B	KLA0103A	KLA0103B	KLA0104A	KLA0104B	KLA0105A	KLA0105B	KLA0106B	KLA0107A	KLA0107B	KLA0108A	KLA0108B	KLA0109A	KLA0109B	KLA0110A	KLA0110B	KLA0112A	KLA0112B	KLA0115A	KLA0115B	KLA0116A	KLA0116B	KLA0117A	KLA0117B	KLA0118A	KLA0118B	KLA0119B	KLA0120A	KLA0120B	KLA0121A	KLA0121B	KLA0122A	KLA0122B	KLA0123A	KLA0123B	KLA0124A	KLA0124B	KLA0125A	KLA0125B	KLA0301A	KLA0301B	KLA0303A	KLA0303B	KLA0305A	KLA0305B	KLA0307A	KLA0307B	KLA0308A	KLA0308B	KLA0311A	KLA0311B	KLA0312A	KLA0312B	KLA0313A	KLA0313B	KLA0314A	KLA0314B	KLA0315A	KLA0315B	KLA0316A	KLA0316B	KLA0317A	KLA0317B	KLA0318A	KLA0318B	KLA0319A	KLA0319B	KLA0320A	KLA0321A	KLA0321B
1752	2,38																																																																								
1753	2,51																																																																								
1754	2,75																																																																								
1755	2,89																																										1,41																														
1756	2,35	2,98																																									1,86																														
1757	2,60	2,44																																									1,93																														
1758	2,15	1,86																																									1,93																														
1759	1,99	1,99																																									2,05																														
1760	2,09	2,28																																									1,51	2,33																													
1761	1,82	2,34																																									1,50	2,48																													
1762	1,66	2,19																					1,57																				1,80	1,74																													
1763	1,62	1,72																					1,36																				1,49	1,63																													
1764	1,12	1,11																					1,20																				1,25	1,57										0,39																			
1765	1,39	1,33																					1,11																				1,34	1,51										0,78																			
1766	1,32	1,13																					1,30																				1,39	1,32										0,59																			
1767	1,05	1,14																					1,04																				1,11	1,33										0,73									0,84										
1768	1,17	1,12																					0,81																				1,07	1,01										0,68									1,14										
1769	0,66	1,01																					0,67																				0,97	1,21										0,64									0,89										
1770	0,83	1,10																					0,49																				0,85	1,36										0,54									0,13										
1771	0,55	0,75																					0,51																				0,72	1,09										0,56									0,74										
1772	0,44	0,51																					0,59																				0,69	1,31										0,55									0,71										
1773	0,51	0,56																					0,95																				0,85	1,19										0,82									1,34										
1774	0,52	0,85																				1,51	0,79																				1,01	0,88										0,74									0,91										
1775	0,59	0,75																				1,04	0,96																				1,17	0,93										0,81									1,07										
1776	0,49	0,61																				0,87	0,89																				1,00	0,83										0,64									0,94										
1777	0,87	0,67						0,92														0,89	1,11																				1,23	1,10										0,63									1,14										
1778	0,68	0,60						0,85														0,78	1,04																				1,00	1,09										0,72									1,24										
1779	0,81	0,86						0,87														0,76	1,22																				0,93	1,00										0,40									1,31										
1780	0,78	0,85						1,17														0,99	1,42																				0,94	1,08										0,53									1,04										
1781	0,64	0,66						1,26														0,69	1,31																				0,81	0,88										0,51									1,11	1,28									
1782	0,66	0,92						1,10														0,75	1,22																				0,87	1,24										0,57									1,15	1,61									
1783	0,48	0,85						1,08														0,59	1,06																				0,79	0,90										0,46									0,85	1,30									
1784	0,46	0,71						0,98			1,04											0,70	1,49																				0,89	1,08										0,51									0,93	1,52									
1785	0,37	0,69						1,16			1,06											0,55	1,31																				1,09	1,16										0,42									1,10	1,55									
1786	0,26	0,70						0,90			0,83											0,37	0,84																				0,61	1,07										0,39									0,72	0,94									
1787	0,24	0,76						0,88			0,95											0,38	0,77																				0,71	1,02										0,41									0,67	0,95									
1788	0,46	0,78						0,96			0,72											0,51	0,68																				0,88	1,12										0,46									0,72	1,06									
1789	0,48	0,50						0,73			0,84											0,37	0,40																				0,69	1,05										0,36									0,76	1,07									
1790	0,29	0,34						0,55			0,49											0,27	0,28																				0,47	0,62										0,27									0,40	0,71									
1791	0,40	0,46						0,61			0,41											0,16	0,20																				0,58	0,60										0,31									0,39	0,65									
1792	0,35	0,44						0,72			0,31											0,23	0,31																				0,62	0,57										0,29									0,53	0,69									
1793	0,27	0,35						0,62			0,40											0,17	0,30																				0,51	0,51										0,27									0,51	0,56									
1794	0,40	0,54						0,78			0,32											0,39	0,54																				0,54	0,41	0,23	0,27								0,32									0,51	0,70									
1795	0,32	0,42						0,71			0,22											0,30	0,49																				0,58	0,45	0,26	0,22								0,24									0,33	0,51									
1796	0,34	0,57						0,81			0,38											0,37	0,59																				0,73	0,62	0,39	0,46								0,25									0,67	0,73									
1797	0,53	0,60						1,02			0,58											0,45	0,54																				0,82	0,65	0,44	0,33								0,27									0,58	0,63									
1798	0,40	0,54						0,82			0,61											0,45	0,49																				0,85	0,70	0,44	0,34								0,24									0,49	0,52									
1799	0,58	0,62						0,74			0,50											0,52	0,55																				1,10	1,07	0,56	0,40								0,23									0,60	0,58									
1800	0,70	0,60						0,95			0,51											0,37	0,43																				0,66	0,72	0,62	0,51								0,24									0,78	0,71									
1801	0,54	0,63						0,68			0,63											0,28	0,42																				0,65	0,86	0,42	0,39								0,23									0,63	0,81									
1802	0,42	0,44						0,69			0,70											0,33	0,40																				0,72	0,84	0,38	0,34								0,16									0,44	0,67									
1803	0,47	0,55						0,99			0,53											0,46	0,54																				0,57	0,78	0,22	0,19								0,19									0,42	0,73									
1804	0,62	0,82						0,98			0,56											0,57	0,52																				1,08	1,04	0,35	0,35								0,15									0,82	1,19									
1805	0,35	0,70						0,72			0,34											0,41	0,38																				1,01	1,25	0,26	0,35								0,23									0,58	0,83									
1806	0,17	0,19						0,25			0,36											0,24	0,17																				0,58	0,33	0,01	0,01								0,08									0,19	0,20									
1807	0,39	0,58						0,63			0,35											0,44	0,42																				0,75	0,72	0,22	0,29								0,19									0,24	0,43									
1808	0,37	0,67						0,70			0,51											0,40	0,32																				0,58	0,65	0,31	0,25								0,17									0,33	0,37									
1809	0,42	0,52						0,68			0,38											0,57	0,63																				0,65	0,58	0,35	0,42								0,22									0,44	0,40									
1810	0,34	0,47						0,61			0,28											0,51	0,43																				0,61	0,49	0,32	0,34								0,13									0,39	0,40									
1811	0,41	0,48						0,80			0,28											0,44	0,43																				0,58	0,44	0,28	0,26								0,12									0,38	0,33									
1812	0,23	0,43						0,54			0,34											0,24	0,31																				0,48	0,39	0,22	0,21								0,16									0,35	0,28									
1813	0,14	0,32						0,29			0,31											0,09	0,07																				0,31	0,28	0,08	0,08								0,08									0,20	0,09									
1814	0,17	0,31						0,24			0,28											0,14	0,20																				0,51	0,50	0,24	0,24								0,15									0,27	0,16									
1815	0,17	0,23						0,26			0,21											0,15	0,18																				0,49	0,36	0,36	0,38								0,20									0,20	0,12									
1816	0,13	0,24						0,26			0,18											0,21	0,26																				0,48	0,38	0,28	0,26								0,17									0,41	0,14									
1817	0,22	0,34						0,37			0,24											0,31	0,44																				0,77	0,55	0,32	0,35								0,14									0,40	0,34									
1818	0,30	0,40						0,45			0,13											0,18	0,35																				0,72	0,74	0,30	0,29								0,20									0,68	0,50									
1819	0,29	0,31						0,38			0,19											0,23	0,33																				0,53	0,61	0,29	0,26								0,15									0,46	0,61									
1820	0,27	0,30						0,47			0,39				0,91							0,22	0,27																				0,35	0,48	0,19	0,16								0,19									0,32	0,63									
1821	0,35	0,32						0,62			0,36				0,54							0,13	0,29																				0,66	0,43	0,14	0,21								0,20									0,21	0,52									
1822	0,58	0,59						0,63			0,49				0,81							0,24	0,28																				1,17	0,96	0,25	0,30								0,23									0,25	0,53									
1823	0,87	0,78						0,88			0,85				1,57							0,61	0,87																				1,35	1,28	0,45	0,38								0,32									0,56	1,00									
1824	1,05	0,79						1,14	3,72	2,61	0,70				1,46							0,73	1,07																				1,09	1,19	0,47	0,49								0,41									0,44	0,86									
1825	0,87	0,68						0,94	2,90	1,87	0,34				1,44							0,39	0,73																				0,92	0,90	0,50	0,60								0,37									0,41	0,50									
1826	1,46	1,37			1,51	0,44		1,97	4,24	3,50	0,56				1,99							1,11	1,58																				1,46	1,46	0,81	0,81								0,44									0,89	1,45									
1827	1,14	1,31			0,96	0,51		1,91	3,40	2,82	0,85			1,94	1,62							0,93	1,25												4,37								1,14	1,28	0,82	0,73								0,58									0,68	1,02									
1828	0,72	1,08			0,80	0,43		1,33	3,14	2,71	0,66			1,87	1,74							0,76	0,89												3,15								0,93	1,12	0,60	0,47							0,37	0,53									0,65	0,85									
1829	0,86	1,27			1,13	0,71		1,40	3,18	3,14	0,49			2,08	1,97							1,26	0,96												3,21	3,84							1,40	1,72	0,53	0,49							0,45	0,64									0,91	1,26									
1830	0,93	0,97			0,74	0,56		1,26	3,25	2,48	0,66			1,67	1,79							0,69	0,73												2,98	2,97							1,11	1,31	0,33	0,33							0,45	0,41									0,66	0,93									
1831	0,94	1,26			0,97	0,52		1,35	3,61	2,27	0,96			2,35	2,53							0,64	0,85												3,00	2,97							0,82	1,21	0,55	0,35							0,39	0,49									0,71	0,95									
1832	0,77	0,97			0,84	0,54		1,29	2,91	1,55	0,81			1,86	2,06							0,42	0,54												2,31	2,34							0,70	1,19	0,73	0,51							0,40	0,44									0,58	0,82									
1833	0,86	0,80			0,44	0,57		0,75	3,01	1,45	0,70			1,18	1,54							0,22	0,49												1,99	2,11							0,54	1,00	0,50	0,43							0,25	0,30									0,44	0,58									
1834	0,95	0,82			0,70	0,55		1,06	2,94	1,36	0,66			1,31	2,00							0,39	0,53												2,16	1,94							0,80	0,90	0,51	0,36							0,27	0,24									0,41	0,61									
1835	1,11	0,74			0,88	0,52		0,79	2,30	0,83	0,69			1,09	1,40							0,69	0,60												1,99	1,78							0,55	0,75	0,28	0,20							0,20	0,13									0,32	0,34									
1836	1,11	0,88			1,06	0,68		0,79	2,54	0,97	0,84			1,23	1,40							0,80	0,59												1,85	1,37							0,46	0,82	0,34	0,26							0,25	0,19									0,40	0,33									
1837	0,55	0,30			0,38	0,24		0,44	1,75	0,57	0,37			0,34	0,63							0,38	0,21												1,24	0,82							0,37	0,47	0,04	0,09							0,07	0,11									0,18	0,11									
1838	0,94	0,66			1,02	0,53		0,79	2,54	0,81	0,74			1,41	1,45							0,81	0,45												1,81	1,70							0,66	0,75	0,12	0,19							0,22	0,22									0,20	0,28									
1839	0,59	0,50			0,62	0,36		0,43	1,90	0,65	0,40			1,46	1,10							0,37	0,33												1,58	1,73							0,56	0,56	0,11	0,15							0,08	0,13									0,22	0,22									
1840	0,79	0,72			1,05	0,59		0,58	1,90	0,80	0,42			1,56	1,38							0,40	0,25												2,17	2,39							0,61	0,64	0,17	0,24							0,17	0,20									0,22	0,21									
1841	0,55	0,51			1,03	0,75		0,32	1,64	0,44	0,25			0,90	1,12							0,42	0,27												1,59	1,65							0,38	0,53	0,25	0,33							0,18	0,19									0,29	0,20									
1842	0,50	0,42			0,82	0,70		0,43	1,34	0,41	0,27			1,62	1,48							0,33	0,32												1,16	1,42							0,50	0,42	0,30	0,34							0,15	0,22									0,15	0,13									
1843	0,55	0,51			1,11	0,65		0,47	1,36	0,70	0,31			1,28	1,34							0,62	0,37												1,13	1,59							0,72	0,46	0,24	0,17							0,18	0,24									0,19	0,12									
1844	0,79	0,59			1,10	0,76		0,63	1,20	1,01	0,59			1,05	1,33							0,52	0,41												1,43	1,90							0,64	0,66	0,26	0,17							0,25	0,24									0,25	0,12									
1845	0,59	0,75			0,90	0,62		0,60	1,67	1,05	0,57			1,82	2,07							0,54	0,43		1,70										2,93	2,59							1,05	0,89	0,42	0,47							0,22	0,33									0,25	0,20									
1846	0,42	0,49			0,73	0,58		0,47	1,81	1,00	0,57			2,01	1,73							0,39	0,51		1,83										1,76	1,65							0,90	0,83	0,27	0,23							0,22	0,32									0,19	0,21									
1847	0,42	0,63			0,87	0,54		0,41	1,72	1,10	0,60			2,13	1,59							0,58	0,67	1,74	1,62										1,34	1,55							0,72	1,08	0,34	0,43							0,30	0,30									0,27	0,27									
1848	0,42	0,51			0,97	0,78		0,43	1,84	1,04	0,48			1,36	1,65							0,56	0,63	1,13	1,22										1,42	1,47							0,62	0,87	0,35	0,51							0,31	0,25									0,23	0,30									
1849	0,33	0,47			0,75	0,78		0,61	1,94	1,20	0,36			0,95	1,43							0,53	0,76	1,58	1,50										1,58	1,26							0,77	0,96	0,28	0,50							0,29	0,24									0,24	0,31									
1850	0,37	0,64			1,21	0,86		0,64	1,62	1,03	0,61			0,90	1,84							0,91	1,05	1,36	1,27										1,62	0,81							0,67	1,26	0,34	0,32							0,42	0,31									0,29	0,64									
1851	0,53	0,75			0,93	0,80		0,57	1,22	0,94	0,48			1,06	1,26							0,53	0,92	1,47	1,14					2,89					1,21	1,44							0,71	1,05	0,25	0,28							0,50	0,24									0,37	0,45									
1852	0,64	0,58			0,94	0,76		0,52	1,35	0,94	0,61			1,26	0,88							0,75	0,88	1,55	1,26					1,49					1,12	1,45							0,64	0,99	0,33	0,24							0,42	0,36									0,38	0,72									
1853	0,46	0,66			0,94	0,79		0,49	0,93	0,66	0,48			1,10	0,69							0,73	0,61	1,74	1,70					1,91					1,08	1,44							0,59	0,69	0,32	0,21							0,40	0,21									0,31	0,58									
1854	0,71	0,74			1,05	0,90		0,89	1,24	1,00	0,57			1,50	1,08							1,23	1,06	2,06	2,09					2,22					1,55	1,74							0,77	0,82	0,47	0,35							0,59	0,47									0,62	1,03									
1855	0,85	0,62	1,16		0,97	0,95		0,75	1,14	1,07	0,60			1,32	1,34							1,08	0,89	1,35	1,39					1,83					1,35	1,40							0,62	0,67	0,45	0,30							0,53	0,37									0,59	1,01									
1856	0,45	0,50	0,93		0,55	0,85		0,64	0,96	1,13	0,43			1,34	1,28							0,67	0,84	1,25	1,06					1,43					1,14	1,09							0,58	0,72	0,31	0,22							0,35	0,35									0,43	0,72									
1857	0,47	0,47	0,90		0,42	0,84		0,68	0,80	1,25	0,47			0,87	0,94							0,78	0,69	1,19	0,85					1,86					1,02	1,26							0,64	0,73	0,34	0,16							0,45	0,28									0,42	0,50									
1858	0,57	0,62	0,94		0,83	0,86		0,66	0,88	1,21	0,52			1,23	1,00							0,76	0,64	1,35	1,04					1,94					1,26	1,40							0,66	0,86	0,37	0,18							0,37	0,32									0,47	0,83									
1859	0,59	0,64	0,81		0,81	0,67		0,32	0,77	0,87	0,46			1,05	1,18							0,62	0,49	0,85	0,81					1,24					0,83	0,76							0,48	0,59	0,39	0,25							0,31	0,32									0,32	0,56									
1860	0,49	0,58	1,18	0,60	0,87	0,66		0,15	0,78	0,76	0,45			0,74	0,98							0,51	0,26	0,92	0,95					1,41					0,71	0,72							0,57	0,53	0,49	0,01							0,31	0,37									0,41	0,77									
1861	0,58	0,65	1,04	0,62	0,80	0,63		0,26	0,68	0,83	0,47			1,06	0,99							0,59	0,43	1,21	1,16					2,06					0,92	0,99							0,53	0,49	0,49	0,25							0,34	0,43									0,44	0,92									
1862	0,42	0,43	0,97	0,56	0,69	0,58		0,30	0,68	0,56	0,48			0,46	0,60							0,45	0,29	1,08	1,04					1,72					0,51	0,48							0,41	0,46	0,32	0,28							0,38	0,46									0,30	0,60									
1863	0,39	0,38	0,85	0,54	0,81	0,46		0,27	0,85	0,62	0,48			0,53	0,59							0,54	0,28	1,24	1,01					1,88					0,69	0,55							0,55	0,40	0,34	0,30							0,37	0,52									0,42	0,59									
1864	0,52	0,50	0,78	0,58	0,87	0,60		0,24	0,89	0,68	0,63			1,19	0,87							0,77	0,48	1,38	1,16					1,61					0,42	0,64							0,58	0,37	0,43	0,34							0,41	0,51									0,45	0,78									
1865	0,46	0,51	0,68	0,60	1,06	0,55		0,29	0,91	0,57	0,51			1,28	0,84							0,87	0,41	1,14	1,11					1,76	1,62				0,61	0,95							0,69	0,65	0,33	0,34							0,40	0,49									0,45	0,75									
1866	0,50	0,45	0,54	0,54	0,61	0,43		0,52	0,60	0,40	0,35			0,75	0,54							0,37	0,28	0,86	0,96					1,25	1,25				0,66	0,70							0,44	0,55	0,25	0,22							0,26	0,33									0,38	0,49									
1867	0,37	0,40	0,43	0,43	0,63	0,63		0,34	0,51	0,37	0,38			0,53	0,65							0,28	0,20	0,74	0,82					1,00	1,08				0,37	0,40							0,43	0,38	0,20	0,14							0,30	0,30									0,38	0,41									
1868	0,34	0,44	0,44	0,36	0,68	0,56		0,29	0,58	0,30	0,37			0,28	0,36							0,33	0,21	0,85	0,73					1,08	1,20				0,39	0,49							0,45	0,39	0,08	0,22							0,28	0,25									0,25	0,27									
1869	0,38	0,44	0,45	0,38	0,78	0,46		0,26	0,47	0,36	0,32			0,69	0,81							0,42	0,21	0,80	0,89					1,00	1,31				0,48	0,63							0,51	0,47	0,18	0,21							0,29	0,32									0,47	0,33									
1870	0,48	0,57	0,48	0,54	1,06	0,61	0,72	0,41	0,61	0,40	0,46			0,83	0,81							0,40	0,27	1,02	1,13					1,20	1,66	2,07			0,57	0,81							0,45	0,45	0,20	0,07							0,42	0,43									0,10	0,33									
1871	0,36	0,41	0,39	0,30	0,50	0,43	0,62	0,20	0,41	0,36	0,40			0,53	0,51							0,39	0,30	1,05	0,97					1,11	1,47	1,34			0,41	0,50							0,38	0,41	0,01	0,04							0,28	0,40									0,26	0,25									
1872	0,35	0,37	0,45	0,49	0,81	0,42	0,67	0,22	0,51	0,33	0,46			0,52	0,34						1,45	0,38	0,29	1,06	1,27					1,34	1,75	1,91	1,44		0,44	0,52							0,37	0,40	0,20	0,12							0,26	0,35				0,21					0,44	0,28									
1873	0,34	0,43	0,44	0,52	0,96	0,51	0,87	0,32	0,45	0,39	0,38			0,85	0,92					0,94	1,32	0,43	0,35	1,35	1,35					1,51	1,68	1,79	1,10	1,46	0,48	0,66							0,46	0,52	0,32	0,22							0,23	0,32				0,33					0,70	0,46									
1874	0,25	0,29	0,35	0,31	0,69	0,46	0,55	0,42	0,43	0,41	0,30			0,43	0,69					0,46	0,73	0,26	0,38	1,13	0,92					1,27	1,22	1,35	0,79	1,04	0,26	0,43							0,33	0,24	0,09	0,10							0,12	0,22				0,16					0,48	0,37									
1875	0,25	0,38	0,35	0,35	0,81	0,58	0,74	0,43	0,43	0,60	0,39			0,57	0,87					0,81	0,94	0,36	0,56	1,08	1,10					1,87	1,76	1,71	0,92	1,24	0,47	0,57		1,03					0,38	0,31	0,13	0,12							0,20	0,24				0,17					0,52	0,37									
1876	0,26	0,38	0,42	0,48	0,78	0,58	0,83	0,40	0,50	0,65	0,57			1,08	1,20					0,76	1,05	0,51	0,63	1,19	1,24					2,16	2,01	1,91	0,84	0,92	0,42	0,50		1,41					0,57	0,39	0,33	0,24							0,20	0,27				0,16					0,64	0,81									
1877	0,33	0,27	0,44	0,37	0,72	0,53	0,88	0,43	0,40	0,52	0,29			1,17	0,95					0,89	1,04	0,61	0,51	1,20	1,01					1,83	1,63	1,46	0,69	0,76	0,28	0,45		1,58					0,49	0,34	0,11	0,10							0,16	0,17				0,19					0,51	0,64									
1878	0,38	0,35	0,24	0,25	0,84	0,43	0,72	0,38	0,39	0,45	0,31		1,13	1,14	0,90					0,79	0,75	0,38	0,42	0,74	0,90					1,65	1,19	1,05	0,55	0,57	0,24	0,41		1,28					0,41	0,47	0,19	0,16							0,17	0,16				0,32					0,64	0,70									
1879	0,34	0,24	0,31	0,24	0,71	0,52	0,79	0,36	0,34	0,39	0,34		0,88	0,80	0,89					0,83	0,87	0,45	0,46	0,75	0,89					1,09	1,25	1,19	0,62	0,59	0,26	0,36		1,45					0,39	0,38	0,11	0,19							0,17	0,17				0,29					0,66	0,49									
1880	0,41	0,37	0,32	0,29	0,56	0,61	0,76	0,35	0,44	0,39	0,35		1,23	0,61	0,66					0,88	1,02	0,44	0,35	1,00	1,03					1,31	1,40	1,51	0,72	0,64	0,41	0,47		1,22					0,21	0,29	0,13	0,19							0,11	0,17				0,14					0,61	0,53									
1881	0,47	0,45	0,33	0,19	0,43	0,56	0,58	0,34	0,41	0,33	0,32		1,06	0,71	0,68					1,06	1,20	0,41	0,37	0,94	1,02					1,00	1,35	1,46	0,42	0,53	0,54	0,63		1,29					0,26	0,26	0,07	0,13							0,18	0,10				0,22					0,47	0,53									
1882	0,53	0,67	0,79	0,36	0,87	0,78	0,76	0,34	0,77	0,63	0,41		1,49	0,90	0,91					1,68	1,28	0,79	0,61	1,68	1,49					1,31	1,72	1,93	0,89	0,90	0,49	0,64		2,13					0,64	0,33	0,13	0,23							0,21	0,22				0,23					0,69	0,79									
1883	0,55	0,56	1,04	0,48	1,02	0,79	0,79	0,38	0,52	0,74	0,39		1,77	1,16	1,02					2,04	1,57	0,95	0,69	2,20	1,44					1,71	1,49	1,45	1,01	1,15	0,39	0,46		2,23					0,55	0,36	0,39	0,31							0,32	0,19				0,23					0,76	0,97									
1884	0,41	0,62	0,65	0,51	0,80	0,76	0,67	0,22	0,61	0,78	0,42		1,52	0,82	0,88					1,38	1,13	0,52	0,42	1,36	1,17					1,52	1,05	1,16	0,87	1,02	0,36	0,49	2,44	2,00					0,45	0,34	0,44	0,35							0,37	0,24				0,32					0,79	0,71									
1885	0,36	0,51	0,59	0,80	0,63	0,73	0,89	0,35	0,72	0,81	0,41		1,63	0,71	1,04					1,18	1,32	0,52	0,49	1,29	1,25					1,43	1,09	1,39	0,76	0,81	0,34	0,68	2,20	2,00					0,40	0,34	0,43	0,29							0,30	0,29				0,17					0,57	0,86									
1886	0,43	0,56	0,68	0,82	0,59	0,69	1,13	0,41	0,73	1,13	0,47		2,26	0,83	0,91					1,68	1,51	0,70	0,68	1,26	1,29					1,76	1,27	1,67	0,66	0,85	0,40	1,01	2,03	2,15					0,46	0,34	0,48	0,34							0,35	0,33				0,22					0,86	1,04									
1887	0,38	0,58	0,61	0,75	0,58	0,81	0,94	0,41	0,57	1,32	0,28		2,07	0,53	0,75					1,87	1,56	0,56	0,63	1,24	0,86					1,50	1,14	1,23	0,65	0,63	0,37	0,61	1,87	1,90					0,59	0,43	0,59	0,42							0,41	0,27				0,24					0,82	0,94									
1888	0,34	0,47	0,45	0,55	0,56	0,57	0,73	0,34	0,43	0,89	0,23		1,56	0,43	0,53					1,30	1,04	0,29	0,44	0,89	0,73					1,20	1,12	1,01	0,45	0,45	0,24	0,36	1,14	1,29					0,32	0,29	0,41	0,28							0,33	0,25				0,20					0,50	0,77									
1889	0,39	0,50	0,51	0,59	0,69	0,77	0,89	0,56	0,66	0,82	0,44		1,80	0,73	0,80					1,68	1,48	0,47	0,45	0,91	0,91		0,86			1,60	1,40	1,50	0,59	0,64	0,41	0,41	1,80	1,17					0,47	0,28	0,44	0,27							0,38	0,35				0,17					0,56	0,64									
1890	0,41	0,51	0,64	0,58	0,85	0,90	1,06	0,50	0,72	0,77	0,46		1,83	0,84	0,91					1,83	1,39	0,51	0,43	0,79	1,07		1,85			1,43	1,23	1,34	0,53	0,47	0,31	0,47	2,18	1,72					0,47	0,31	0,43	0,31							0,36	0,42				0,15					0,89	0,98									
1891	0,34	0,36	0,75	0,51	0,93	0,82	0,86	0,41	0,70	0,57	0,36		1,97	0,67	0,56					1,74	1,44	0,58	0,45	0,74	0,89		1,63			1,23	1,19	1,53	0,78	0,64	0,25	0,50	2,23	1,95					0,41	0,21	0,21	0,15							0,33	0,36				0,25					0,76	0,91									
1892	0,23	0,30	0,65	0,29	0,72	0,50	0,64	0,29	0,43	0,36	0,10		1,11	0,44	0,48	0,76				0,89	0,77	0,52	0,26	0,48	0,51	1,00	0,84			0,67	0,70	0,83	0,34	0,23	0,18	0,28	1,03	1,03					0,25	0,22	0,16	0,01							0,18	0,18				0,22					0,43	0,55									
1893	0,31	0,29	0,66	0,31	0,77	0,52	0,51	0,17	0,39	0,32	0,09		1,48	0,34	0,44	0,47				0,97	0,80	0,48	0,35	0,51	0,52	0,34	0,35			0,72	0,44	0,80	0,42	0,40	0,12	0,36	1,13	1,14					0,21	0,16	0,09	0,07							0,14	0,08				0,11					0,32	0,37									
1894	0,47	0,64	0,67	0,29	1,02	0,61	0,85	0,32	0,47	0,49	0,26		1,80	0,55	0,53	0,18				1,35	1,41	0,55	0,46	0,63	0,80	0,34	0,54			0,97	0,59	1,06	0,45	0,41	0,22	0,43	1,37	1,77					0,41	0,25	0,16	0,13							0,12	0,19				0,14					0,54	0,39									
1895	0,48	0,56	0,86	0,42	0,90	0,85	0,76	0,36	0,62	0,48	0,27		1,46	0,78	1,00	1,03				1,26	1,28	0,72	0,51	1,07	1,02	0,66	1,04			1,05	0,89	1,04	0,52	0,43	0,35	0,52	1,43	1,75					0,37	0,26	0,33	0,33							0,18	0,31				0,15					0,61	0,61									
1896	0,38	0,58	0,48	0,28	0,83	0,55	0,65	0,37	0,53	0,44	0,19		1,24	0,47	0,92	1,20				1,03	1,22	0,55	0,42	1,10	1,03	0,92	1,03			1,32	0,77	1,41	0,45	0,43	0,38	0,52	1,74	1,50					0,43	0,19	0,26	0,13							0,16	0,17				0,09					0,33	0,47									
1897	0,29	0,48	0,34	0,27	0,56	0,53	0,56	0,14	0,25	0,21	0,21	1,22	1,00	0,39	0,69	0,92				1,21	1,16	0,42	0,44	0,94	0,64	1,03	1,08			0,95	1,12	1,30	0,50	0,47	0,47	0,46	1,10	1,20					0,37	0,07	0,39	0,19							0,12	0,11				0,05					0,39	0,36									
1898	0,49	0,68	0,64	0,37	1,58	0,84	1,02	0,46	0,41	0,36	0,37	1,58	1,34	0,62	0,95	1,42				1,38	1,32	0,70	0,58	1,32	1,29	0,85	1,14			1,51	1,34	1,84	0,89	0,86	0,80	0,71	1,55	1,65					0,52	0,38	0,44	0,32							0,24	0,19				0,21					0,55	0,57									
1899	0,36	0,49	0,51	0,21	1,10	0,71	0,78	0,25	0,39	0,31	0,26	0,94	0,86	0,80	1,08	1,21				1,17	1,26	0,61	0,42	1,17	0,93	0,86	0,85			0,94	1,06	1,41	0,37	0,45	0,62	0,57	1,00	1,12					0,60	0,31	0,20	0,13							0,16	0,05				0,37					0,57	0,55									
1900	0,18	0,29	0,32	0,15	0,93	0,43	0,61	0,25	0,22	0,30	0,19	0,76	0,55	0,71	0,75	0,91				0,85	0,96	0,33	0,27	0,64	0,71	0,65	0,54			0,60	0,70	1,01	0,41	0,41	0,37	0,31	0,77	0,65					0,35	0,22	0,13	0,11							0,12	0,03				0,41					0,39	0,49									
1901	0,22	0,48	0,44	0,27	0,92	0,66	0,77	0,34	0,41	0,44	0,31	1,27	0,98	0,72	0,80	0,81				1,10	1,34	0,66	0,48	0,80	0,77	1,20	0,93			0,68	0,95	1,41	0,57	0,55	0,78	0,69	1,46	1,32					0,61	0,34	0,34	0,28							0,17	0,09				0,27					0,69	0,79									
1902	0,07	0,25	0,22	0,15	0,68	0,47	0,68	0,20	0,33	0,30	0,20	0,77	0,57	0,50	0,65	1,55				0,57	0,71	0,41	0,30	0,35	0,38	0,57	0,39			0,43	0,32	0,74	0,15	0,22	0,36	0,25	0,70	0,59					0,31	0,22	0,07	0,06							0,06	0,05				0,52					0,25	0,51									
1903	0,13	0,28	0,16	0,15	0,54	0,36	0,43	0,13	0,27	0,38	0,10	0,83	0,54	0,25	0,48	0,69				0,62	0,61	0,30	0,06	0,49	0,39	0,35	0,27			0,44	0,36	0,60	0,19	0,25	0,34	0,34	0,46	0,44					0,20	0,19	0,05	0,09							0,05	0,04				0,38					0,34	0,42									
1904	0,13	0,42	0,14	0,10	0,77	0,44	0,59	0,22	0,45	0,27	0,12	0,73	0,45	0,22	0,47	0,17				0,63	0,74	0,23	0,08	0,48	0,53	0,19	0,20			0,32	0,37	0,63	0,13	0,20	0,46	0,52	0,50	0,56					0,27	0,31	0,21	0,06							0,11	0,05				0,15					0,52	0,65									
1905	0,14	0,41	0,15	0,14	0,79	0,42	0,39	0,19	0,57	0,45	0,18	0,72	0,44	0,31	0,45	0,31				0,72	0,95	0,15	0,02	0,43	0,44	0,35	0,27			0,24	0,36	0,55	0,10	0,14	0,44	0,47	0,31	0,58					0,23	0,29	0,01	0,05							0,07	0,06				0,15					0,58	0,55									
1906	0,21	0,49	0,16	0,19	0,80	0,59	0,60	0,24	0,40	0,44	0,16	0,76	0,42	0,45	0,37	0,55				0,66	0,94	0,18	0,06	0,48	0,42	0,62	0,42			0,21	0,33	0,45	0,24	0,15	0,46	0,55	0,63	0,69					0,21	0,18	0,12	0,10							0,11	0,03				0,17					0,50	0,59									
1907	0,19	0,37	0,14	0,16	0,62	0,53	0,64	0,23	0,39	0,60	0,18	0,55	0,43	0,69	0,40	0,39				0,57	0,76	0,15	0,10	0,50	0,51	0,71	0,36			0,44	0,45	0,49	0,26	0,23	0,48	0,40	0,63	0,89					0,20	0,19	0,18	0,20							0,14	0,02				0,24					0,47	0,51									
1908	0,23	0,58	0,18	0,14	0,97	0,83	0,57	0,22	0,38	0,72	0,19	0,72	0,39	0,69	0,43	0,46				0,76	1,01	0,15	0,06	0,47	0,77	1,31	0,52			0,59	0,44	0,74	0,17	0,20	0,56	0,43	0,56	1,19					0,29	0,13	0,28	0,25							0,16	0,05				0,21					0,65	0,52									
1909	0,23	0,18	0,16	0,17	0,56	0,54	0,40	0,20	0,36	0,40	0,18	0,52	0,31	0,53	0,47	0,28				0,61	0,73	0,18	0,06	0,33	0,50	1,03	0,32			0,69	0,39	0,54	0,04	0,13	0,51	0,40	0,43	0,79					0,13	0,12	0,01	0,05							0,10	0,07				0,12					0,44	0,46									
1910	0,15	0,17	0,07	0,05	0,36	0,31	0,21	0,05	0,18	0,23	0,09	0,44	0,20	0,19	0,26	0,36				0,43	0,52	0,12	0,04	0,22	0,28	0,76	0,26			0,39	0,17	0,25	0,04	0,08	0,19	0,18	0,37	0,45					0,12	0,07	0,01	0,15							0,11	0,04				0,03					0,32	0,41									
1911	0,22	0,27	0,17	0,16	0,59	0,55	0,32	0,13	0,27	0,43	0,07	0,46	0,25	0,26	0,29	0,54				0,48	0,71	0,17	0,10	0,32	0,53	0,86	0,47			0,34	0,29	0,43	0,14	0,18	0,24	0,24	0,63	0,80					0,25	0,10	0,01	0,24							0,13	0,06				0,11					0,37	0,41									
1912	0,18	0,38	0,21	0,26	0,80	0,82	0,57	0,33	0,39	0,74	0,27	0,80	0,41	0,59	0,54	0,91				0,62	0,84	0,22	0,11	0,56	0,61	1,32	0,93			0,56	0,37	0,56	0,32	0,19	0,52	0,43	1,04	1,09					0,28	0,19	0,26	0,43							0,25	0,11				0,26					0,57	0,62									
1913	0,28	0,56	0,25	0,25	0,85	0,84	0,50	0,30	0,39	0,80	0,26	0,79	0,53	0,62	0,40	0,72	1,04			0,70	0,83	0,20	0,12	0,64	0,71	1,62	0,99			0,51	0,69	0,85	0,46	0,42	0,55	0,36	1,42	1,35					0,39	0,25	0,33	0,56							0,75	0,19				0,61					0,63	0,68									
1914	0,41	0,59	0,31	0,29	1,10	1,03	0,80	0,51	0,84	0,87	0,31	1,04	0,64	0,89	0,71	0,86	1,05			0,88	1,02	0,30	0,21	0,91	0,70	1,51	0,95			0,72	0,99	1,35	0,63	0,64	0,72	0,56	1,67	1,68					0,59	0,33	0,73	0,91							0,82	0,22				0,57					0,72	0,95									
1915	0,30	0,59	0,31	0,29	1,04	0,88	0,61	0,37	0,75	0,85	0,21	1,10	0,62	0,95	0,70	0,98	0,90			0,71	0,95	0,37	0,16	0,73	0,61	1,35	0,89			0,60	0,97	1,20	0,56	0,69	0,68	0,53	1,23	1,63					0,49	0,34	0,67	0,74							0,90	0,22				0,51					0,65	0,85			0,29	0,17					
1916	0,36	0,60	0,48	0,35	1,22	0,84	0,53	0,27	0,70	0,81	0,36	0,96	0,65	1,15	0,95	1,04	1,13			0,91	0,93	0,36	0,31	0,72	0,62	1,89	1,00			0,89	0,93	1,15	0,54	0,58	0,95	0,51	1,01	1,76					0,54	0,40	0,82	0,66							0,80	0,11				0,61					0,92	0,86			0,53	0,25					
1917	0,48	0,65	0,39	0,35	1,38	0,67	0,44	0,42	0,68	0,69	0,25	1,27	0,77	1,01	0,78	1,25	1,28			0,95	0,99	0,47	0,37	0,71	0,66	1,75	0,96			0,79	0,93	1,06	0,48	0,52	1,08	0,50	1,43	1,34					0,47	0,47	0,74	0,72							0,67	0,10				0,52					0,90	0,89			0,44	0,23					
1918	0,44	0,68	0,71	0,43	1,08	0,78	0,66	0,46	0,74	0,69	0,39	1,46	1,07	0,82	0,89	1,00	1,30			1,03	0,98		0,39	0,88	0,86	1,72	0,99			0,72	1,13	1,26	0,55	0,71	0,66	0,42	1,36	1,72					0,60	0,51	0,81	0,72							0,92	0,17				0,78					0,94	0,79			0,44	0,24					
1919	0,53	0,66	0,75	0,54	0,80	0,88	0,53	0,40	1,04	0,74	0,43	1,60	1,24	1,00	1,02	1,36	1,21			1,00	1,09		0,39	0,92	0,86	1,96	1,32			0,83	1,18	1,64	0,48	0,59	0,82	0,49	1,10	1,60					0,63	0,57	0,87	0,76							0,75	0,22				0,61					0,69	0,84			0,57	0,18					
1920	0,46	0,74	0,87	0,77	0,93	0,74	0,75	0,56	1,29	0,87	0,36	1,69	1,21	0,91	0,72	1,79	1,35			0,86	0,86		0,36	0,88	0,89	2,09	1,35			0,89	1,25	1,42	0,68	0,79	0,70	0,55	1,38	2,20					0,79	0,67	0,96	0,86							1,17	0,23				0,86					1,00	1,08			0,81	0,33					
1921	0,49	0,82	0,97	0,90	1,18	0,77	0,82	0,53	1,21	1,01	0,36	1,90	1,43	1,35	1,10	2,18	1,59			1,01	1,09		0,59	0,91	0,92	2,08	1,45			1,23	1,37	1,56	0,72	0,82	0,92	0,57	1,72	2,10					0,88	0,76	1,21	1,04							1,00	0,25				1,47					1,04	1,17			0,85	0,33	1,78				
1922	0,54	0,89	1,18	0,87	1,42	1,04	1,28	0,75	1,25	1,04	0,53	2,15	1,72	1,06	1,11	2,32	1,58			1,27	1,28		0,60	0,93	1,08	2,35	1,50			0,51	1,43	1,83	0,72	1,06	1,03	0,57	1,76	2,00					1,08	0,80	1,33	1,11							1,09	0,25				1,42					1,42	1,56			1,09	0,79	1,99	1,91			
1923	0,49	0,71	1,46	0,50	1,08	1,06	1,04	0,58	1,32	0,87	0,49	2,37	1,45	1,16	1,12	1,91	1,50			1,19	1,22		0,50	0,98	1,01	2,07	1,56			0,53	1,43	1,66	0,65	0,78	0,84	0,43	1,73	2,01					0,97	0,69	1,05	1,06							0,84	0,29				1,06					1,38	1,44			0,86	0,58	1,93	1,82			
1924	0,38	0,72	1,42	0,52	0,96	0,73	0,67	0,53	1,43	0,66	0,25	2,47	1,28	1,18	1,00	1,71	1,45			0,95	1,12		0,39	0,72	0,92	2,37	1,58			0,69	1,53	1,66	0,87	1,03	0,45	0,45	1,55	1,71					1,02	0,38	0,50	0,59							0,93	0,20				1,35					1,21	1,12			0,43	0,16	2,40	2,66			
1925	0,54	0,53	1,55	0,50	1,15	0,62	0,92	0,49	1,30	0,70	0,47	2,88	1,42	1,56	1,07	1,64	1,58			0,94	1,06		0,61	1,01	0,79	2,57	1,79	1,84		0,68	1,60	1,66	0,86	1,16	0,62	0,59	1,39	1,43					0,95	0,67	1,11	1,01							1,21	0,44				1,43					1,22	1,36		1,59	0,76	0,48	2,78	3,17			
1926	0,43	0,75	1,51	0,28	0,77	0,69	0,79	0,51	0,74	0,40	0,26	2,40	1,01	1,04	0,73	1,14	1,32			0,55	0,71		0,44	0,53	0,56	1,46	1,25	1,99	1,48	0,54	0,96	1,05	0,56	0,48	0,40	0,29	0,67	0,87					0,62	0,37	0,70	0,73							0,77	0,32				1,23					0,56	0,98	1,66	1,44	0,42	0,29	2,70	2,56			
1927	0,57	0,76	1,26	0,32	0,73	0,63	0,89	0,56	0,83	0,57	0,43	2,88	1,27	0,98	0,86	1,33	1,51			0,65	0,85		0,51	0,74	0,79	1,69	1,22	1,59	1,17	0,55	1,22	1,30	0,69	0,77	0,82	0,48	1,11	1,15					0,90	0,63	0,71	0,72							1,10	0,43				1,08					1,03	1,06	1,76	1,54	0,51	0,26	2,45	2,38		1,03	
1928	0,36	0,46	0,93	0,25	0,70	0,59	0,51	0,53	0,68	0,37	0,40	2,33	1,13	0,34	0,36	1,29	1,42	0,78		0,53	0,63		0,42	0,50	0,50	1,41	1,20	1,32	1,00	0,33	0,57	0,80	0,70	0,56	0,41	0,30	0,88	0,78					0,51	0,42	0,58	0,47							0,83	0,40				1,08					0,56	0,63	1,46	1,47	0,43	0,26	2,31	2,35		1,36	
1929	0,50	0,52	1,04	0,37	0,79	0,46	0,57	0,42	0,48	0,42	0,31	2,08	1,03	0,21	0,38	1,17	1,18	0,51		0,76	0,76		0,43	0,45	0,50	1,19	1,18	1,04	0,63	0,31	0,52	0,46	0,55	0,53	0,44	0,36	0,89	0,65					0,48	0,51	0,77	0,61							0,85	0,37				1,08					0,66	0,91	1,50	1,10	0,63	0,34	1,94	1,74		1,37	
1930	0,85	0,92	1,47	0,69	1,53	1,03	0,93	0,71	0,89	0,71	0,61	2,23	1,43	0,39	1,03	1,81	1,71	0,42		0,89	1,04		0,85	0,96	1,18	1,90	1,81	1,53	0,74	0,67	1,05	1,09	1,09	0,84	0,79	0,65	1,77	1,10					1,01	0,89	1,07	0,98							1,44	0,63				1,96					1,02	1,31	1,61	1,34	0,93	0,59	2,61	2,28	1,14	1,88	2,12
1931	0,89	0,84	0,83	0,54	1,29	0,98	0,74	0,55	1,00	0,80	0,54	1,80	1,12	0,49	0,84	1,53	1,44	0,55		0,90	0,91		0,59	0,71	0,81	1,45	1,54	1,17	0,66	0,63	0,88	1,06	0,71	0,56	0,78	0,56	1,16	1,01					0,90	0,74	0,85	0,76							1,01	0,48				1,43					0,71	1,05	1,25	1,35	0,70	0,50	2,52	1,94	0,93	1,87	1,90
1932	0,87	0,85	0,66	0,58	1,09	0,66	0,70	0,50	0,68	0,62	0,36	1,67	1,04	0,52	0,93	1,40	1,37	0,44		0,80	0,89		0,74	0,55	0,68	1,30	1,28	1,44	0,69	0,40	0,79	0,79	0,54	0,29	0,84	0,54	1,06	0,70					0,82	0,54	0,71	0,62							1,00	0,49				1,57					0,67	0,87	1,01	1,42	0,66	0,29	2,31	1,92	0,60	1,45	1,75
1933	0,76	0,88	0,65	0,64	0,94	0,58	0,77	0,42	0,69	0,61	0,51	1,93	1,31	0,58	0,89	1,36	1,48	0,73		0,81	0,96		0,68	0,57	0,85	1,55	1,43	1,66	0,68	0,33	0,75	0,92	0,71	0,55	0,86	0,56	1,23	0,91					0,71	0,51	0,60	0,44							1,23	0,43				1,88					0,56	0,73	1,03	1,25	0,69	0,33	1,69	1,74	0,44	1,47	1,86
1934	1,00	0,75	1,23	0,88	1,37	1,26	1,21	0,60	0,77	0,70	0,58	2,35	1,20	0,94	1,07	1,68	1,40	0,75		0,72	0,89		0,70	0,71	0,88	1,67	1,44	1,84	0,65	0,43	0,65	0,82	0,57	0,62	0,67	0,46	2,05	0,90					0,93	0,78	0,92	0,81							1,34	0,62				2,30					0,68	0,80	1,28	1,76	0,98	0,73	1,46	1,99	0,75	1,55	2,19
1935	0,83	0,58	1,03	0,73	0,82	0,88	0,77	0,43	0,77	0,66	0,41	1,71	0,99	0,67	0,76	1,41	1,68	0,53		0,58	0,63		0,56	0,57	0,82	1,29	1,14	1,71	0,55	0,43	0,78	0,53	0,66	0,68	0,56	0,24	1,78	0,79					0,78	0,68	0,53	0,68							1,21	0,55				1,39					0,44	0,63	0,89	1,43	0,89	0,59	1,01	1,64	0,84	0,99	1,75
1936	0,59	0,48	0,85	0,55	0,88	0,91	0,65	0,46	0,76	0,52	0,40	1,40	0,78	0,56	0,57	1,11	1,40	0,60		0,70	0,65		0,56	0,51	0,63	1,03	1,13	1,43	0,65	0,53	0,63	0,53	0,64	0,74	0,62	0,37	1,61	0,67					0,62	0,67	0,62	0,58							0,78	0,39				1,18					0,48	0,61	1,16	1,72	0,78	0,60	0,83	1,64	0,89	1,20	1,34
1937	0,74	0,65	1,13	0,85	1,17	1,46	1,10	0,73	1,12	0,65	0,84	2,04	1,06	1,00	0,84	1,57	1,07	0,91		0,88	0,91		0,85	0,62	0,87	1,08	1,48	2,03	0,94		0,96	1,13	0,77	0,72	0,75	0,40	2,06	0,99					0,90	0,89	1,07	1,26							1,58	0,53				2,07					0,83	0,89	1,77	2,25	1,26	1,05	1,46	2,63	0,68	1,92	2,67
1938	0,64	0,55	1,07	0,53	1,16	1,09	0,79	0,55	1,30	0,58	0,63	2,11	0,98	0,72	0,74	1,36	2,12	0,80		0,53	0,88		0,52	0,48	0,73	1,00	1,36	1,58	0,89		1,03	1,03	0,85	0,89	0,76	0,47	1,82	1,06					0,85	0,76	0,93	1,08					2,45	2,10	1,48	0,60				2,10					1,01	1,07	1,86	1,95	1,56	0,88	2,04	2,88	0,91	2,35	2,86
1939	0,78	0,46	1,54	0,56	1,42	1,05	1,15	0,58	1,41	0,70	0,48	1,80	0,92	1,11	0,73	1,99	2,09	1,12		0,77	0,74		0,55	0,93	0,88	1,28	1,68	1,75	0,98		1,06	0,99	0,97	0,89	0,63	0,48	1,75	1,12					0,75	0,75	1,42	1,15					1,88	1,51	1,04	0,72				2,02					0,99	1,00	1,77	1,85	1,98	1,05	2,39	2,60	0,74	1,80	2,55
1940	0,63	0,35	1,32	0,61	1,11	0,88	0,79	0,75	1,33	0,58	0,53	1,94	0,88	0,56	0,54	1,50	2,02	0,94		0,78	0,74		0,50	0,74	0,61	0,89	1,36	1,37	0,93		0,86	0,72	0,85	0,81	0,61	0,46	1,28	0,82					0,56	0,50	0,95	1,04					1,04	1,19	0,96	0,56				1,23					0,53	0,79	1,07	0,78	0,84	0,38	1,65	1,85	0,76	1,48	1,66
1941	0,78	0,54	1,51	0,52	1,25	1,02	0,88	0,60	1,19	0,79	0,58	2,17	0,88	0,46	0,66	1,76	1,97	0,95		0,87	0,75		0,60	0,79	0,97	1,14	1,51	1,43	1,10		1,15	0,71	1,00	1,01	0,82	0,73	1,28	0,85					0,74	0,57	1,01	1,14					1,12	1,42	1,55	0,77				1,51					0,86	0,78	1,39	1,02	1,06	0,52	2,17	2,34	1,09	1,57	2,30
1942	0,55	0,37	1,10	0,37	0,76	0,71	0,91	0,44	0,89	0,55	0,50	2,00	0,70	0,56	0,70	1,35	1,58	0,78		0,59	0,62		0,63	0,57	0,63	1,07	1,18	1,14	0,79		0,87	0,71	0,80	0,74	0,68		0,61	0,64					0,64	0,51	0,98	0,93					1,00	1,37	1,48	0,69				1,18					0,66	0,80	1,47	1,11	0,99	0,52	2,18	1,78	0,64	1,41	1,89
1943	0,58	0,41	0,79	0,34	0,86	0,74	0,62	0,37	0,67	0,51	0,40	1,76	0,55	0,51	0,56	1,09	1,39	0,47	0,69	0,51	0,52		0,45	0,44	0,62	0,66	0,95	0,96	0,76		0,48	0,58	0,45	0,58	0,57		0,50	0,52					0,54	0,71	0,79	0,72					0,85	0,97	1,18	0,61				1,01					0,62	0,94	1,20	0,87	0,95	0,47	1,45	1,29	0,45	1,05	1,38
1944	0,52	0,46	0,74	0,31	0,81	0,67	0,59	0,34	0,70	0,51	0,41	1,72	0,63	0,41	0,54	1,09	1,06	0,61	0,77	0,34	0,40		0,48	0,54	0,59	0,72	0,71	1,07	0,79		0,55	0,42	0,62	0,44	0,49		0,71	0,58					0,51	0,60	0,78	0,74					1,06	1,04	1,34	0,58				0,99					0,52	0,65	1,17	0,62	0,84	0,45	1,36	1,08	0,36	1,21	1,55
1945	0,41	0,34	0,73	0,31	0,65	0,62	0,56	0,45	0,73	0,51	0,42	1,39	0,70	0,46	0,52	0,98	1,01	0,49	0,66	0,38	0,36		0,45	0,42	0,44	0,59	0,60	1,15	0,76		0,46	0,45	0,73	0,52	0,43		0,69	0,59					0,60	0,57	0,52	0,55					1,07	1,09	1,21	0,52				1,09					0,39	0,67	1,18	0,77	1,04	0,42	1,65	1,15	0,42	1,19	1,58
1946	0,31	0,25	0,52	0,18	0,55	0,37	0,43	0,22	0,70	0,41	0,32	1,13	0,60	0,58	0,43	0,46	0,59	0,44	0,51	0,25	0,23		0,38	0,30	0,33	0,42	0,57	0,82	0,57		0,38	0,27	0,53	0,37	0,43		0,64	0,57					0,38	0,38	0,39	0,43					0,98	1,10	1,18	0,42				0,81					0,41	0,45	0,86	0,88	0,69	0,36	1,25	0,84	0,18	0,98	1,21
1947	0,35	0,31	0,62	0,18	0,60	0,58	0,35	0,27	0,81	0,48	0,36	1,08	0,63	0,67	0,62	0,74	0,85	0,75	0,54	0,35	0,24		0,50	0,35	0,31	0,60	0,64	1,07	0,73		0,52	0,26	0,52	0,45	0,42		0,53	0,83					0,44	0,50	0,57	0,49					1,33	0,97	0,96	0,49	0,86			0,82					0,37	0,42	1,32	0,97	0,73	0,32	1,79	1,06	0,20	1,05	1,26
1948	0,34	0,39	0,44	0,29	0,53	0,58	0,39	0,27	0,66	0,44	0,39	1,30	0,79	0,58	0,43	0,78	0,98	0,58	0,53	0,32	0,30		0,70	0,28	0,38	0,65	1,04	1,03	0,95		0,40	0,34	0,54	0,45	0,44		0,67	0,72	2,58	3,01	1,41	1,33	0,49	0,53	0,64	0,51					1,28	1,19	0,98	0,51	0,87		1,36	0,96					0,37	0,55	1,51	0,97	0,70	0,27	2,09	1,35	0,29	1,10	1,21
1949	0,42	0,33	0,55	0,26	0,59	0,57	0,42	0,26	0,88	0,43	0,39	1,19	0,66	0,53	0,42	0,84	0,82	0,48	0,43	0,37	0,30		0,61	0,36	0,35	0,54	0,83	1,05	0,78		0,37	0,33	0,45	0,44	0,47		0,51	0,60	2,26	2,10	1,57	1,39	0,57	0,60	0,81	0,54					1,24	1,22	0,90	0,62	0,67		1,27	1,24					0,45	0,53	1,33	1,19	1,16	0,54	1,61	1,41	0,22	0,94	1,06
1950	0,33	0,31	0,52	0,31	0,65	0,50	0,51	0,31	0,78	0,51	0,45	0,93	0,61	1,00	0,45	1,12	0,78	0,30	0,48	0,34	0,35		0,53	0,42	0,52	0,67	0,89	1,09	0,97		0,40	0,41	0,36	0,45	0,43		0,68	0,59	2,73	2,52	2,12	1,89	0,42	0,55	0,73	0,45					1,47	1,37	1,04	0,59	0,74		1,25	1,15					0,52	0,53	1,27	1,64	1,02	0,51	1,70	1,57	0,23	0,97	1,23
1951	0,33	0,24	0,43	0,28	0,50	0,42	0,36	0,24	0,62	0,31	0,26	0,83	0,62	0,63	0,44	0,99	0,83	0,35	0,46	0,25	0,20		0,43	0,23	0,36	0,62	0,70	0,72	0,72		0,24	0,34	0,30	0,29	0,29		0,40	0,42	2,10	1,96	1,66	1,46	0,40	0,38	0,52	0,33	2,05	1,86			1,20	1,19	1,00	0,49	0,76		0,85	1,02					0,24	0,27	1,23	1,26	0,97	0,39	1,17	1,32	0,45	0,99	1,43
1952	0,35	0,36	0,53	0,19	0,46	0,45	0,34	0,27	0,48	0,22	0,35	0,54	0,52	0,55	0,61	0,98	0,77	0,31	0,39	0,26	0,19		0,30	0,29	0,42	0,63	0,82	0,49	0,64		0,26	0,34	0,43	0,34	0,26		0,37	0,35	0,98	1,19	1,29	1,21	0,30	0,44	0,20	0,23	1,69	1,64	0,91	0,94	1,33	1,36	0,59	0,44	1,13		0,96	1,07					0,29	0,31	0,96	1,28	0,63	0,41	0,87	0,75	0,30	0,85	1,20
1953	0,40	0,35	0,57	0,29	0,64	0,65	0,47	0,30	0,71	0,40	0,46	0,99	0,82	0,96	0,85	1,08	1,22	0,62	0,65	0,44	0,44		0,45	0,39	0,53	0,89	1,12	0,91	0,84		0,29	0,48	0,68	0,62	0,45		0,66	0,52	1,18	1,17	1,99	1,45	0,48	0,54	0,47	0,37	1,68	1,68	1,59	1,40	1,50	1,56	0,85	0,53	1,05		1,13	0,96					0,41	0,46	1,88	1,67	0,95	0,46	0,96	0,99	0,40	1,13	1,26
1954	0,29	0,29	0,65	0,23	0,68	0,69	0,46	0,31	0,79	0,38	0,41	0,90	0,75	0,96	0,65	1,20	0,99	0,65	0,55	0,36	0,35		0,40	0,26	0,43	0,87	1,09	0,96	0,73		0,33	0,53	0,70	0,49	0,33		0,86	0,66	1,46	1,36	2,08	1,98	0,43	0,60	0,65	0,43	1,24	1,47	2,19	1,98	1,60	1,48	0,81	0,62	1,52		1,26	1,27					0,31	0,32	2,15	2,07	1,30	0,69	1,05	1,22	0,47	1,12	1,35
1955	0,26	0,31	0,58	0,29	0,64	0,68	0,42	0,32	0,68	0,26	0,26	0,71	0,69	0,66	0,51	0,90	0,69	0,56	0,51	0,32	0,27		0,37	0,26	0,33	0,63	0,82	0,93	0,54		0,35	0,50	0,51	0,39	0,28		0,81	0,56	1,34	1,10	1,60	1,24	0,43	0,38	0,41	0,34	0,89	1,16	1,33	1,10	1,25	1,17	0,76	0,54	0,95		1,02	0,90			1,31	1,26	0,31	0,19	1,36	1,63	0,85	0,51	0,85	1,05	0,24	0,85	0,94
1956	0,26	0,26	0,55	0,32	0,45	0,62	0,44	0,37	0,57	0,40	0,33	0,95	0,58	1,00	0,51	0,82	0,55	0,59	0,64	0,33	0,27		0,55	0,28	0,26	0,50	0,86	0,82	0,83		0,35	0,44	0,51	0,44	0,29		0,77	0,56	1,36	1,00	1,23	0,92	0,50	0,42	0,39	0,24	0,82	1,16	1,41	1,14	1,26	1,40	0,83	0,53	0,95	0,86	0,96	0,98			1,36	1,19	0,44	0,41	1,32	1,54	1,11	0,72	0,81	1,36	0,32	0,69	1,03
1957	0,28	0,28	0,65	0,46	0,77	0,72	0,53	0,44	0,79	0,41	0,36	1,00	0,68	1,15	0,57	0,85	0,75	0,81	0,82	0,36	0,26		0,69	0,30	0,42	0,74	1,08	1,05	0,96		0,44	0,55	0,67	0,61	0,30		1,13	0,68	1,83	1,40	1,57	1,25	0,50	0,50	0,65	0,57	1,03	1,13	1,09	0,90	1,38	1,34	0,94	0,67	0,80	0,80	1,27	1,21			1,35	1,20	0,67	0,49	1,90	1,88	1,15	0,93	1,29	1,42	0,47	1,00	1,22
1958	0,30	0,26	0,66	0,37	0,51	0,46	0,49	0,37	0,69	0,35	0,31	1,03	0,58	1,12	0,62	1,19	0,49	0,74	0,68	0,37	0,28		0,48	0,34	0,48	0,61	0,86	0,81	0,55		0,40	0,41	0,48	0,33	0,32		1,07	0,44	1,95	1,71	1,21	1,12	0,43	0,41	0,53	0,48	1,04	1,50	0,83	1,11	1,40	1,26	0,72	0,56	0,86	0,66	0,91	0,97	1,25	0,99	1,08	0,97	0,57	0,51	1,70	1,56	0,89	1,01	1,04	1,30	0,39	0,86	1,14
1959	0,39	0,39	0,72	0,49	0,48	0,58	0,39	0,47	0,52	0,45	0,36	1,05	0,74	0,87	0,58	1,05	0,64	0,69	0,67	0,51	0,41		0,63	0,37	0,46	0,81	1,15	1,05	0,78		0,47	0,46	0,62	0,63	0,41		1,01	0,56	2,35	1,59	1,41	1,28	0,57	0,58	0,61	0,59	1,06	1,79	0,80	0,94	1,16	1,13	0,85	0,77	0,82	0,92	1,14	1,06	1,02	1,01	0,86	0,86	0,63	0,45	2,30	2,15	0,86	1,07	1,37	1,60	0,52	0,70	1,03
1960	0,41	0,40	0,90	0,62	0,72	0,48	0,54	0,47	0,61	0,57	0,39	1,23	0,86	1,19	1,02	0,99	0,68	0,65	0,73	0,51	0,42		0,83	0,46	0,50	0,86	1,26	0,97	0,85		0,46	0,59	0,78	0,73	0,48		0,80	0,59	2,65	1,48	1,61	1,89	0,69	0,74	0,82	0,69	1,16	2,44	0,92	1,10	1,49	1,48	1,14	0,83	1,11	0,96	1,53	1,39	1,50	1,48	1,09	0,92	0,79	0,74	1,83	3,02	1,41	1,10	1,22	2,46	0,64	1,26	1,70
1961	0,26	0,25	0,42	0,27	0,27	0,37	0,21	0,25	0,42	0,35	0,30	0,82	0,58	0,61	0,76	0,55	0,39	0,55	0,51	0,29	0,20		0,41	0,28	0,32	0,47	0,62	0,74	0,41		0,33	0,30	0,31	0,42	0,29		0,37	0,37	2,31	1,52	1,41	1,31	0,38	0,37	0,42	0,26	1,30	2,30	0,66	0,85	1,22	1,15	0,64	0,57	1,04	0,92	0,77	0,71	1,26	1,17	0,96	0,90	0,58	0,59	1,65	1,69	1,07	0,72	1,23	1,59	0,51	0,93	0,97
1962	0,24	0,31	0,62	0,28	0,31	0,41	0,45	0,34	0,47	0,32	0,28	0,78	0,45	0,38	0,49	0,28	0,30	0,54	0,55	0,20	0,18		0,47	0,36	0,29	0,45	0,65	0,60	0,33		0,28	0,26	0,39	0,42	0,22		0,30	0,25	1,90	1,68	1,30	1,23	0,36	0,49	0,31	0,30	0,78	1,83	0,79	0,75	0,93	0,84	0,53	0,48	1,01	0,89	0,68	0,52	0,58	0,84	0,70	0,83	0,36	0,41	1,38	1,50	0,74	0,35	1,36	1,25	0,45	0,89	0,80
1963	0,18	0,23	0,40	0,27	0,22	0,19	0,31	0,22	0,35	0,25	0,20	0,58	0,40	0,43	0,43	0,35	0,21	0,68	0,61	0,16	0,15		0,39	0,26	0,27	0,44	0,55	0,55	0,31		0,27	0,23	0,33	0,30	0,20		0,17	0,15	1,32	1,36	0,86	0,82	0,29	0,34	0,32	0,33	0,73	1,53	0,58	0,66	0,69	0,72	0,52	0,44	1,00	0,79	0,50	0,50	0,58	0,74	0,77	0,69	0,33	0,32	0,99	1,23	0,76	0,41	1,19	1,02	0,32	0,76	0,68
1964	0,22	0,40	0,47	0,31	0,33	0,42	0,52	0,41	0,59	0,40	0,46	0,75	0,55	0,77	0,58	0,50	0,43	0,95	0,96	0,22	0,21		0,61	0,36	0,29	0,52	0,71	0,61	0,51		0,40	0,38	0,52	0,40	0,38		0,36	0,28	1,64	1,56	1,01	1,10	0,53	0,50	0,28	0,30	0,90	1,45	0,95	0,87	0,84	0,86	0,69	0,62	1,20	1,01	0,59	0,76	0,99	1,17	1,13	1,12	0,37	0,48	1,05	1,95	1,15	0,67	1,11	1,01	0,45	1,16	0,58
1965	0,25	0,31	0,31	0,33	0,14	0,26	0,25	0,20	0,36	0,26	0,23	0,51	0,41	0,39	0,29	0,48	0,27	0,67	0,60	0,24	0,08		0,47	0,23	0,30	0,20	0,39	0,36	0,33		0,30	0,23	0,26	0,24	0,17		0,17	0,20	1,21	1,06	0,51	0,64	0,46	0,36	0,13	0,13	0,56	0,96	0,70	0,66	0,76	0,75	0,44	0,40	1,04	0,85	0,45	0,49	0,80	0,89	1,07	1,00	0,30	0,30	0,44	1,25	0,64	0,35	0,59	0,69	0,29	0,65	0,46
1966	0,23	0,32	0,31	0,32	0,21	0,26	0,26	0,18	0,31	0,20	0,24	0,48	0,30	0,25	0,25	0,27	0,27	0,45	0,66	0,19	0,10		0,37	0,34	0,26	0,22	0,53	0,30	0,29		0,23	0,22	0,26	0,23	0,19		0,15	0,21	1,09	1,21	0,27	0,34	0,43	0,27	0,01	0,06	0,29	0,38	0,44	0,45	0,49	0,59	0,40	0,23	0,70	0,53	0,28	0,25	0,77	0,63	0,82	0,81	0,24	0,28	0,29	0,97	0,48	0,20	0,42	0,75	0,23	0,45	0,43
1967	0,31	0,30	0,40	0,35	0,21	0,34	0,30	0,25	0,36	0,35	0,23	0,56	0,40	0,46	0,31	0,43	0,26	0,66	0,57	0,27	0,22		0,59	0,35	0,31	0,33	0,65	0,41	0,37		0,30	0,30	0,30	0,38	0,23		0,23	0,29	1,18	1,43	0,38	0,45	0,43	0,33	0,12	0,16	0,18	0,56	0,45	0,34	0,82	0,89	0,48	0,36	0,55	0,42	0,40	0,36	0,51	0,33	0,88	0,82	0,31	0,33	0,45	0,84	0,55	0,32	0,55	0,97	0,34	0,78	0,57
1968	0,21	0,27	0,30	0,23	0,22	0,34	0,25	0,21	0,32	0,23	0,20	0,45	0,28	0,41	0,27	0,41	0,26	0,45	0,37	0,24	0,14		0,36	0,24	0,23	0,48	0,54	0,36	0,38		0,27	0,25	0,32	0,27	0,20		0,11	0,18	1,23	1,38	0,29	0,52	0,41	0,24	0,12	0,19	0,20	0,36	0,42	0,35	0,57	0,77	0,41	0,31	0,46	0,33	0,37	0,32	0,29	0,33	0,65	0,64	0,24	0,26	0,35	0,77	0,51	0,34	0,56	0,87	0,32	0,62	0,44
1969	0,23	0,26	0,30	0,26	0,23	0,27	0,23	0,22	0,34	0,22	0,22	0,50	0,27	0,31	0,28	0,32	0,25	0,64	0,28	0,20	0,13		0,36	0,28	0,24	0,45	0,71	0,39	0,39		0,31	0,35	0,35	0,34	0,18		0,15	0,22	1,13	1,17	0,36	0,33	0,29	0,21	0,24	0,15	0,12	0,14	0,42	0,33	0,56	0,62	0,38	0,24	0,33	0,33	0,25	0,20	0,33	0,28	0,44	0,47	0,17	0,20	0,15	0,68	0,44	0,17	0,34	0,66	0,26	0,31	0,58
1970	0,26	0,27	0,39	0,33	0,37	0,37	0,28	0,20	0,43	0,33	0,34	0,63	0,37	0,76	0,54	0,29	0,35	0,68	0,39	0,35	0,21		0,47	0,23	0,30	0,53	0,71	0,39	0,45		0,49	0,52	0,57	0,43	0,33		0,28	0,31	1,59	1,34	0,60	0,78	0,36	0,28	0,28	0,24	0,31	0,31	0,46	0,35	0,74	0,83	0,57	0,43	0,43	0,48	0,40	0,29	0,59	0,41	0,37	0,37	0,30	0,35	0,33	0,75	0,64	0,38	0,74	0,78	0,36	0,83	0,78
1971	0,23	0,36	0,31	0,31	0,34	0,37	0,30	0,22	0,35	0,33	0,24	0,42	0,35	0,41	0,37	0,41	0,37	0,56	0,47	0,27	0,20		0,45	0,25	0,30	0,52	0,73	0,33	0,31		0,37	0,35	0,40	0,40	0,21		0,22	0,25	1,26	1,06	0,55	0,59	0,48	0,32	0,25	0,21	0,34	0,28	0,43	0,40	0,62	0,57	0,57	0,30	0,50	0,53	0,31	0,25	0,76	0,41	0,41	0,48	0,26	0,36	0,68	0,82	0,48	0,27	0,73	0,80	0,25	0,64	0,45
1972	0,24	0,32	0,38	0,20	0,37	0,39	0,42	0,21	0,48	0,32	0,22	0,49	0,41	0,59	0,47	0,44	0,42	0,58	0,52	0,30	0,30		0,45	0,22	0,34	0,50	1,04	0,43	0,48		0,48	0,50	0,48	0,62	0,30		0,26	0,38	1,24	1,15	0,59	0,67	0,41	0,39	0,28	0,31	0,35	0,48	0,43	0,51	0,61	0,74	0,59	0,42	0,29	0,33	0,33	0,36	0,85	0,51	0,35	0,45	0,30	0,37	0,59	0,92	0,67	0,44	0,71	0,71	0,37	0,67	0,75
1973	0,27	0,36	0,35	0,32	0,48	0,41	0,40	0,25	0,48	0,24	0,29	0,62	0,66	0,57	0,46	0,33	0,22	0,62	0,50	0,29	0,18		0,31	0,25	0,26	0,36	0,86	0,49	0,46		0,41	0,33	0,53	0,29	0,32		0,35	0,39	1,45	1,34	0,66	0,85	0,43	0,41	0,32	0,29	0,44	0,66	0,52	0,59	0,77	0,77	0,57	0,43	0,23	0,43	0,42	0,33	0,75	0,52	0,13	0,20	0,34	0,47	0,50	1,01	0,83	0,49	0,89	0,74	0,42	0,46	0,60
1974	0,26	0,28	0,18	0,19	0,20	0,23	0,27	0,25	0,27	0,23	0,12	0,40	0,27	0,26	0,24	0,12	0,22	0,41	0,35	0,21	0,10		0,24	0,15	0,24	0,45	0,49	0,37	0,29		0,22	0,21	0,31	0,28	0,22		0,17	0,20	0,84	1,20	0,36	0,49	0,31	0,22	0,15	0,17	0,35	0,53	0,32	0,33	0,43	0,64	0,35	0,30	0,18	0,13	0,25	0,20	0,66	0,36	0,06	0,08	0,28	0,22	0,43	0,58	0,53	0,35	0,75	0,93	0,33	0,37	0,40
1975	0,27	0,32	0,33	0,39	0,24	0,28	0,44	0,35	0,40	0,19	0,17	0,51	0,32	0,34	0,24	0,22	0,24	0,57	0,42	0,20	0,14		0,41	0,18	0,27	0,61	0,62	0,63	0,37		0,33	0,18	0,22	0,22	0,15		0,25	0,23	1,65	1,20	0,43	0,89	0,39	0,31	0,33	0,32	0,76	1,25	0,40	0,46	0,57	0,49	0,46	0,46	0,23	0,23	0,41	0,36	0,55	0,40	0,17	0,13	0,27	0,33	0,52	0,77	0,67	0,45	1,35	1,29	0,36	0,55	0,42
1976	0,30	0,35	0,34	0,45	0,31	0,33	0,46	0,37	0,41	0,21	0,27	0,55	0,39	0,33	0,30	0,48	0,40	0,89	0,66	0,19	0,17		0,47	0,18	0,34	0,80	0,79	0,75	0,74		0,33	0,35	0,34	0,34	0,19		0,39	0,24	1,91	1,22	0,63	1,17	0,48	0,44	0,45	0,26	1,16	1,22	0,63	0,75	0,83	0,61	0,66	0,54	0,24	0,54	0,54	0,39	0,87	0,60	0,27	0,29	0,43	0,37	0,78	1,02	0,75	0,44	1,64	1,40	0,42	0,63	0,45
1977	0,25	0,35	0,22	0,34	0,31	0,29	0,37	0,27	0,31	0,19	0,18	0,40	0,41	0,45	0,25	0,33	0,25	0,68	0,54	0,22	0,12		0,35	0,14	0,21	0,60	0,60	0,58	0,49		0,31	0,20	0,39	0,27	0,19		0,27	0,26	1,11	0,72	0,30	0,61	0,40	0,37	0,34	0,28	0,97	1,09	0,62	0,62	0,74	0,66	0,55	0,51	0,29	0,32	0,49	0,44	0,61	0,47	0,13	0,18	0,31	0,29	0,48	0,61	0,68	0,45	1,11	1,02	0,31	0,51	0,43
1978	0,21	0,28	0,21	0,40	0,27	0,30	0,23	0,28	0,31	0,15	0,21	0,36	0,37	0,39	0,28	0,38	0,27	0,37	0,33	0,23	0,16		0,36	0,17	0,31	0,59	0,73	0,45	0,51		0,29	0,23	0,36	0,34	0,19		0,25	0,23	0,78	0,62	0,18	0,39	0,55	0,30	0,24	0,26	0,67	0,68	0,72	0,59	0,80	0,74	0,47	0,31	0,19	0,23	0,44	0,38	0,49	0,64	0,19	0,19	0,33	0,36	0,94	0,92	0,52	0,29	1,20	1,01	0,29	0,28	0,39
1979	0,32	0,35	0,23	0,38	0,40	0,33	0,48	0,35	0,42	0,27	0,33	0,52	0,42	0,64	0,42	0,36	0,38	0,54	0,50	0,27	0,12		0,47	0,36	0,35	0,83	0,85	0,69	0,76		0,40	0,32	0,49	0,45	0,30		0,40	0,22	1,26	0,85	0,12	0,48	0,56	0,47	0,35	0,35	1,23	0,92	0,68	0,72	1,01	0,77	0,78	0,54	0,30	0,38	0,69	0,59	0,69	0,78	0,27	0,30	0,47	0,55	1,04	1,17	0,89	0,43	1,19	1,07	0,61	0,63	0,56
1980	0,27	0,43	0,25	0,31	0,31	0,29	0,26	0,21	0,32	0,21	0,24	0,43	0,26	0,43	0,29	0,24	0,33	0,40	0,44	0,19	0,07		0,29	0,33	0,32	0,43	0,59	0,63	0,59		0,32	0,21	0,36	0,30	0,22		0,31	0,31	1,03	0,69	0,16	0,32	0,38	0,32	0,35	0,25	0,96	0,85	0,61	0,60	0,85	0,53	0,71	0,51	0,28	0,46	0,53	0,49	0,48	0,57	0,21	0,15	0,37	0,39	0,62	0,85	0,80	0,38	1,00	0,84	0,35	0,53	0,45
1981	0,31	0,34	0,18	0,21	0,23	0,31	0,25	0,22	0,33	0,16	0,18	0,35	0,23	0,17	0,11	0,08	0,26	0,39	0,44	0,16	0,11		0,27	0,18	0,21	0,21	0,51	0,39	0,45		0,27	0,16	0,24	0,23	0,16		0,22	0,24	0,56	0,70	0,06	0,27	0,31	0,30	0,09	0,21	1,00	1,09	0,68	0,32	0,43	0,33	0,39	0,42	0,17	0,16	0,37	0,41	0,51	0,60	0,20	0,20	0,11	0,26	0,44	0,64	0,59	0,18	0,88	0,66	0,15	0,40	0,50
1982	0,25	0,37	0,20	0,37	0,29	0,31	0,40	0,25	0,39	0,17	0,24	0,59	0,34	0,51	0,19	0,24	0,31	0,83	0,66	0,21	0,08		0,33	0,31	0,27	0,37	0,86	0,64	0,56		0,39	0,27	0,38	0,30	0,21		0,22	0,21	0,86	0,98	0,22	0,45	0,44	0,29	0,11	0,21	1,05	1,02	0,61	0,42	0,79	0,39	0,60	0,52	0,21	0,27	0,64	0,53	0,49	0,72	0,34	0,22	0,28	0,45	0,98	1,17	0,79	0,44	1,09	1,04	0,31	0,67	0,64
1983	0,25	0,33	0,22	0,32	0,26	0,23	0,43	0,25	0,39	0,18	0,22	0,51	0,29	0,49	0,34	0,27	0,38	1,08	0,55	0,29	0,10		0,33	0,21	0,24	0,34	0,78	0,54	0,48		0,35	0,24	0,46	0,31	0,20		0,21	0,28	0,82	1,04	0,37	0,53	0,51	0,37	0,18	0,29	0,85	1,22	0,80	0,74	0,75	0,41	0,86	0,48	0,40	0,43	0,51	0,47	0,66	0,78	0,39	0,25	0,41	0,53	0,97	1,16	0,81	0,50	1,39	1,28	0,26	0,59	0,78
1984	0,15	0,25	0,16	0,23	0,24	0,18	0,37	0,17	0,38	0,15	0,17	0,53	0,27	0,55	0,21	0,20	0,26	0,89	0,46	0,15	0,12		0,21	0,27	0,19	0,28	0,49	0,54	0,33		0,30	0,21	0,43	0,32	0,13		0,10	0,24	0,82	0,86	0,31	0,43	0,39	0,34	0,23	0,31	0,79	0,97	0,73	0,41	0,75	0,47	0,59	0,39	0,33	0,28	0,43	0,43	0,58	0,59	0,26	0,19	0,32	0,48	0,95	1,02	0,53	0,39	1,10	1,16	0,27	0,40	0,49
1985	0,21	0,30	0,23	0,31	0,27	0,31	0,35	0,27	0,31	0,27	0,25	0,58	0,39	0,52	0,27	0,29	0,27	0,82	0,55	0,25	0,12		0,27	0,28	0,23	0,19	0,62	0,51	0,57		0,42	0,28	0,49	0,42	0,21		0,22	0,31	0,73	0,86	0,25	0,53	0,44	0,30	0,29	0,26	0,72	1,02	0,98	0,48	0,74	0,49	0,72	0,47	0,56	0,59	0,53	0,42	0,57	0,69	0,34	0,41	0,45	0,45	0,91	1,08	0,79	0,41	1,20	1,37	0,25	0,51	0,56
1986	0,22	0,21	0,21	0,24	0,24	0,21	0,26	0,17	0,28	0,21	0,22	0,43	0,28	0,38	0,24	0,27	0,23	0,61	0,39	0,27	0,11		0,28	0,23	0,14	0,23	0,42	0,50	0,48		0,34	0,18	0,42	0,32	0,16		0,13	0,22	0,68	0,75	0,24	0,46	0,30	0,26	0,23	0,26	0,82	0,77	0,74	0,53	0,69	0,49	0,55	0,41	0,36	0,47	0,40	0,31	0,62	0,69	0,33	0,33	0,34	0,42	0,85	0,87	0,54	0,33	0,92	0,96	0,27	0,38	0,49
1987	0,19	0,30	0,20	0,24	0,15	0,25	0,22	0,18	0,21	0,21	0,14	0,35	0,22	0,29	0,16	0,14	0,14	0,69	0,33	0,18	0,09		0,18	0,20	0,15	0,09	0,30	0,34	0,34		0,23	0,19	0,45	0,22	0,08		0,09	0,19	0,57	0,69	0,18	0,39	0,31	0,21	0,21	0,19	0,69	0,70	0,45	0,60	0,54	0,34	0,47	0,34	0,33	0,42	0,25	0,24	0,37	0,57	0,27	0,38	0,32	0,33	0,60	0,71	0,53	0,27	0,74	0,86	0,16	0,43	0,47
1988	0,15	0,36	0,16	0,27	0,22	0,33	0,31	0,50	0,24	0,28	0,19	0,47	0,35	0,32	0,18	0,08	0,16	0,83	0,46	0,13	0,11		0,46	0,24	0,22	0,07	0,33	0,30	0,46		0,29	0,18	0,61	0,26	0,06		0,07	0,38	0,70	0,78	0,10	0,48	0,39	0,23	0,19	0,25	0,54	0,70	0,48	0,62	0,76	0,55	0,42	0,30	0,33	0,29	0,37	0,43	0,42	0,67	0,19	0,29	0,36	0,45	0,73	0,96	0,83	0,34	1,19	1,07	0,27	0,26	0,57
1989	0,25	0,30	0,20	0,33	0,26	0,24	0,39	0,32	0,27	0,20	0,21	0,50	0,29	0,23	0,11	0,19	0,20	0,59	0,42	0,15	0,12		0,37	0,19	0,21	0,12	0,32	0,27	0,37		0,26	0,16	0,32	0,20	0,17		0,08	0,23	0,64	0,66	0,20	0,53	0,32	0,24	0,08	0,29	0,59	0,89	0,46	0,49	0,63	0,51	0,42	0,40	0,37	0,33	0,32	0,31	0,38	0,56	0,17	0,32	0,33	0,45	0,61	0,85	0,75	0,34	1,13	1,00	0,24	0,43	0,48
1990	0,18	0,24	0,09	0,24	0,28	0,26	0,34	0,23	0,27	0,19	0,17	0,43	0,31	0,27	0,13	0,29	0,29	0,59	0,40	0,33	0,09		0,25	0,17	0,22	0,23	0,34	0,29	0,38		0,19	0,21	0,39	0,24	0,13		0,08	0,26	0,52	0,53	0,23	0,44	0,34	0,30	0,23	0,35	0,36	0,54	0,39	0,45	0,67	0,65	0,52	0,47	0,33	0,35	0,50	0,37	0,44	0,59	0,21	0,21	0,37	0,26	0,59	0,98	0,70	0,39	1,22	1,15	0,21	0,33	0,37
1991	0,13	0,27	0,16	0,22	0,26	0,20	0,28	0,22	0,17	0,15	0,15	0,32	0,21	0,28	0,19	0,24	0,26	0,44	0,39	0,25	0,08		0,16	0,13	0,18	0,19	0,32	0,27	0,34		0,25	0,20	0,21	0,15	0,08		0,04	0,21	0,34	0,41	0,15	0,40	0,28	0,27	0,21	0,21	0,34	0,69	0,47	0,55	0,67	0,68	0,58	0,43	0,39	0,43	0,35	0,30	0,60	0,76	0,29	0,26	0,30	0,34	0,56	0,79	0,66	0,31	0,90	0,85	0,22	0,43	0,41
1992	0,20	0,26	0,14	0,23	0,31	0,23	0,30	0,29	0,31	0,17	0,19	0,35	0,20	0,41	0,20	0,34	0,23	0,65	0,33	0,35	0,14		0,23	0,18	0,18	0,19	0,26	0,34	0,44		0,34	0,25	0,36	0,27	0,11		0,06	0,31	0,73	0,50	0,31	0,49	0,34	0,33	0,32	0,28	0,39	0,67	0,52	0,54	0,65	0,76	0,46	0,38	0,37	0,40	0,40	0,31	0,49	0,77	0,32	0,22	0,32	0,46	0,76	0,87	0,91	0,44	0,72	0,69	0,24	0,49	0,55
1993	0,22	0,24	0,15	0,22	0,46	0,31	0,41	0,16	0,20	0,25	0,17	0,34	0,20	0,15	0,08	0,04	0,09	0,88	0,37	0,19	0,10		0,28	0,08	0,12	0,13	0,26	0,18	0,39		0,15	0,18	0,22	0,19	0,05		0,09	0,32	0,64	0,49	0,27	0,40	0,43	0,30	0,13	0,18	0,45	0,86	0,57	0,52	0,36	0,40	0,38	0,20	0,42	0,46	0,33	0,29	0,38	0,79	0,71	0,31	0,35	0,44	0,50	0,79	0,85	0,38	0,76	0,63	0,09	0,54	0,51
1994	0,13	0,25	0,13	0,19	0,26	0,17	0,27	0,19	0,17	0,18	0,19	0,35	0,25	0,22	0,13	0,04	0,10	0,89	0,35	0,21	0,12		0,25	0,14	0,09	0,14	0,29	0,14	0,40		0,18	0,23	0,21	0,16	0,05		0,06	0,24	0,47	0,35	0,16	0,34	0,28	0,26	0,06	0,07	0,28	0,48	0,63	0,55	0,44	0,57	0,33	0,24	0,32	0,42	0,24	0,23	0,20	0,54	0,72	0,40	0,32	0,33	0,45	0,71	0,69	0,24	0,68	0,58	0,13	0,49	0,51
1995	0,15	0,22	0,25	0,21	0,31	0,18	0,25	0,16	0,18	0,21	0,15	0,36	0,26	0,25	0,23	0,32	0,28	0,71	0,33	0,23	0,11		0,23	0,16	0,13	0,16	0,31	0,12	0,61		0,20	0,22	0,25	0,25	0,12		0,09	0,20	0,44	0,35	0,17	0,36	0,31	0,30	0,24	0,24	0,32	0,44	0,62	0,39	0,39	0,51	0,40	0,28	0,32	0,38	0,32	0,30	0,28	0,37	0,56	0,34	0,27	0,29	0,32	0,53	0,51	0,39	0,55	0,51	0,18	0,50	0,47
1996	0,17	0,24	0,33	0,30	0,28	0,23	0,31	0,17	0,19	0,11	0,22	0,38	0,28	0,39	0,19	0,40	0,33	0,80	0,43	0,18	0,10		0,31	0,16	0,18	0,08	0,29	0,29	0,47		0,23	0,21	0,26	0,20	0,11		0,08	0,24	0,49	0,54	0,32	0,50	0,32	0,23	0,16	0,21	0,27	0,37	0,65	0,38	0,63	0,55	0,40	0,25	0,35	0,53	0,37	0,28	0,18	0,31	0,70	0,39	0,22	0,27	0,32	0,48	0,60	0,31	0,50	0,55	0,17	0,37	0,59
1997	0,21	0,29	0,25	0,34	0,35	0,28	0,36	0,22	0,27	0,25	0,38	0,43	0,32	0,40	0,21	0,40	0,32	0,97	0,45	0,26	0,13		0,29	0,24	0,15	0,16	0,38	0,27	0,50		0,32	0,29	0,47	0,32	0,16		0,20	0,38	0,71	0,61	0,37	0,57	0,41	0,27	0,22	0,17	0,35	0,42	0,77	0,60	0,64	0,64	0,49	0,30	0,34	0,60	0,60	0,47	0,27	0,38	0,59	0,39	0,38	0,49	0,51	0,81	0,84	0,33	0,64	0,44	0,27	0,58	0,80
1998	0,23	0,26	0,24	0,26	0,25	0,24	0,43	0,26	0,25	0,29	0,24	0,38	0,37	0,41	0,17	0,40	0,34	0,78	0,48	0,24	0,14		0,31	0,34	0,23	0,18	0,38	0,25	0,52		0,25	0,32	0,39	0,32	0,17		0,20	0,44	0,48	0,62	0,38	0,61	0,39	0,31	0,01	0,16	0,39	0,42	0,75	0,56	0,67	0,57	0,37	0,30	0,27	0,39	0,45	0,34	0,20	0,32	0,57	0,34	0,27	0,32	0,44	0,73	0,72	0,34	0,56	0,57	0,23	0,66	0,66
1999	0,23	0,33	0,21	0,23	0,30	0,21	0,47	0,26	0,33	0,27	0,26	0,47	0,35	0,35	0,24	0,49	0,38	0,84	0,62	0,25	0,17		0,51	0,39	0,26	0,16	0,39	0,42	0,73		0,32	0,36	0,45	0,29	0,16		0,15	0,35	0,55	0,63	0,38	0,74	0,43	0,32	0,22	0,28	0,29	0,49	0,62	0,39	0,65	0,63	0,34	0,38	0,32	0,44	0,39	0,40	0,36	0,40	0,39	0,34	0,30	0,47	0,44	0,66	0,94	0,36	0,45	0,53	0,37	0,54	0,66
2000	0,32	0,34	0,18	0,24	0,37	0,30	0,41	0,22	0,25	0,31	0,29	0,55	0,37	0,27	0,19	0,42	0,28	1,10	0,94	0,24	0,14		0,47	0,26	0,18	0,17	0,36	0,29	0,52		0,28	0,33	0,39	0,26	0,14		0,13	0,29	0,66	0,57	0,39	0,67	0,30	0,32	0,16	0,22	0,30	0,29	0,61	0,49	0,49	0,50	0,35	0,28	0,27	0,38	0,44	0,26	0,20	0,51	0,51	0,43	0,31	0,47	0,50	0,89	0,70	0,39	0,38	0,56	0,17	0,43	0,71
2001	0,28	0,32	0,20	0,23	0,36	0,26	0,46	0,25	0,26	0,38	0,32	0,62	0,37	0,46	0,23	0,39	0,37	0,87	1,00	0,23	0,11		0,49	0,33	0,23	0,19	0,39	0,38	0,64		0,40	0,36	0,65	0,31	0,19		0,17	0,32	0,74	0,65	0,52	0,76	0,39	0,34	0,16	0,14	0,31	0,27	0,52	0,50	0,62	0,56	0,46	0,16	0,27	0,51	0,50	0,37	0,35	0,56	0,41	0,29	0,33	0,57	0,58	0,53	0,74	0,32	0,44	0,46	0,35	0,58	0,50
2002	0,28	0,35	0,22	0,29	0,39	0,28	0,33	0,28	0,30	0,26	0,25	0,57	0,35	0,56	0,13	0,62	0,41	0,76	1,12	0,26	0,13		0,43	0,37	0,24	0,24	0,37	0,61	0,74		0,57	0,47	0,50	0,34	0,25		0,17	0,35	0,72	0,57	0,59	0,96	0,50	0,32	0,27	0,23	0,34	0,43	0,70	0,71	0,77	0,66	0,42	0,40	0,46	0,66	0,57	0,52	0,45	0,68	0,46	0,41	0,35	0,52	0,72	0,98	0,76	0,44	0,43	0,54	0,36	0,51	0,63
2003	0,29	0,37	0,25	0,27	0,48	0,38	0,42	0,24	0,26	0,25	0,28	0,91	0,48	0,57	0,20	0,88	0,66	0,87	1,14	0,27	0,17		0,60	0,29	0,28	0,17	0,54	0,89	0,97		0,67	0,51	0,77	0,53	0,23		0,22	0,50	1,04	0,67	0,73	0,95	0,84	0,44	0,29	0,33	0,75	0,51	0,84	0,59	0,65	0,64	0,60	0,64	0,59	0,64	0,65	0,83	0,50	0,73	0,47	0,45	0,55	0,78	0,88	1,48	0,95	0,58	0,64	0,90	0,41	0,64	0,85
2004	0,37	0,36	0,23	0,36	0,47	0,32	0,40	0,25	0,32	0,30	0,32	0,59	0,41	0,46	0,24	0,84	0,60	0,74	0,76	0,36	0,17		0,50	0,31	0,29	0,17	0,40	1,18	0,77		0,64	0,59	0,68	0,67	0,26		0,28	0,38	0,67	0,58	0,79	0,94	0,64	0,39	0,16	0,21	0,65	0,66	0,85	0,46	0,66	0,48	0,56	0,50	0,48	0,43	0,60	0,62	0,69	1,11	0,40	0,45	0,52	0,74	0,75	1,31	0,88	0,36	0,68	0,75	0,34	0,61	0,82
2005	0,31	0,35	0,22	0,26	0,24	0,21	0,23	0,18	0,27	0,29	0,25	0,60	0,50	0,46	0,12	0,82	0,57	0,42	0,69	0,27	0,12		0,33	0,29	0,18	0,21	0,33	1,04	0,99		0,46	0,46	0,58	0,62	0,25		0,21	0,36	0,68	0,47	0,80	0,87	0,38	0,39	0,21	0,19	0,68	0,64	0,47	0,47	0,59	0,41	0,43	0,36	0,54	0,54	0,48	0,43	0,89	1,47	0,33	0,40	0,47	0,56	0,45	0,86	0,63	0,30	0,54	0,66	0,30	0,31	0,64
2006	0,44	0,38	0,22	0,31	0,28	0,20	0,30	0,23	0,29	0,32	0,36	0,56	0,62	0,44	0,13	0,96	0,81	0,76	0,82	0,32	0,13		0,67	0,22	0,32	0,23	0,30	1,38	0,96		0,62	0,61	0,81	0,75	0,32		0,26	0,46	0,94	0,60	0,80	1,01	0,46	0,26	0,31	0,35	0,73	0,79	0,56	0,66	0,57	0,42	0,37	0,33	0,49	0,68	0,71	0,49	1,11	1,57	0,56	0,47	0,56	0,67	0,71	1,02	0,46	0,26	0,59	0,86	0,25	0,51	0,65
2007	0,37	0,25	0,24	0,30	0,42	0,27	0,43	0,26	0,33	0,29	0,27	0,59	0,52	0,67	0,15	1,03	0,77	0,83	0,79	0,28	0,12		0,63	0,31	0,32	0,36	0,33	1,47	0,85		0,56	0,44	0,86	0,74	0,27		0,28	0,40	0,67	0,57	0,73	0,77	0,41	0,30	0,18	0,29	0,71	0,78	0,46	0,46	0,44	0,56	0,37	0,28	0,52	0,49	0,66	0,44	0,76	0,80	0,46	0,41	0,49	0,63	0,59	0,57	0,47	0,27	0,49	0,50	0,24	0,46	0,39
2008	0,37	0,31	0,23	0,28	0,32	0,31	0,38	0,23	0,25	0,21	0,22	0,39	0,48	0,66	0,17	1,03	0,64	0,93	1,06	0,28	0,13		0,60	0,36	0,37	0,34	0,32	1,32	0,80		0,53	0,42	0,75	0,46	0,26		0,23	0,36	0,74	0,63	0,76	0,77	0,36	0,36	0,17	0,31	0,56	0,72	0,54	0,53	0,42	0,56	0,25	0,40	0,45	0,50	0,61	0,40	0,38	0,69	0,52	0,51	0,49	0,67	0,65	0,71	0,41	0,30	0,44	0,56	0,23	0,39	0,55
2009	0,26	0,24	0,22	0,28	0,31	0,22	0,34	0,20	0,19	0,26	0,16	0,50	0,38	0,66	0,15	0,83	0,54	1,06	1,04	0,26	0,16		0,54	0,29	0,31	0,23	0,30	1,14	0,69		0,55	0,35	0,67	0,39	0,23		0,20	0,38	0,66	0,58	0,55	0,49	0,37	0,28	0,17	0,19	0,39	0,60	0,52	0,24	0,42	0,59	0,26	0,29	0,28	0,43	0,45	0,43	0,31	0,58	0,68	0,60	0,42	0,44	0,53	0,69	0,47	0,20	0,36	0,47	0,17	0,34	0,59
2010	0,22	0,31	0,23	0,28	0,36	0,29	0,41	0,22	0,22	0,18	0,15	0,65	0,44	0,53	0,17	0,67	0,45	1,12	1,17	0,29	0,13		0,58	0,30	0,30	0,25	0,38	1,20	0,70		0,45	0,44	0,38	0,31	0,20		0,18	0,38	0,64	0,61	0,49	0,48	0,36	0,29	0,08	0,20	0,28	0,34	0,47	0,28	0,32	0,49	0,20	0,15	0,25	0,30	0,57	0,38	0,25	0,43	0,54	0,62	0,34	0,46	0,45	0,72	0,46	0,30	0,28	0,25	0,21	0,25	0,49
2011	0,19	0,26	0,18	0,34	0,36	0,28	0,28	0,17	0,29	0,25	0,11	1,05	0,55	0,98	0,16	0,73	0,52	0,90	1,05	0,24	0,12		0,50	0,33	0,27	0,34	0,37	1,01	0,67		0,37	0,37	0,52	0,38	0,20		0,19	0,45	0,46	0,57	0,40	0,44	0,48	0,27	0,10	0,24	0,21	0,24	0,65	0,37	0,41	0,66	0,20	0,26	0,56	0,48	0,61	0,54	0,32	0,42	0,63	0,62	0,53	0,63	0,47	0,78	0,60	0,36	0,30	0,31	0,34	0,38	0,66
2012	0,21	0,24	0,21	0,25	0,31	0,26	0,38	0,20	0,20	0,19	0,14	0,86	0,52	0,67	0,18	0,84	0,38	0,71	0,97	0,24	0,09		0,48	0,28	0,27	0,28	0,38	1,03	0,53		0,49	0,30	0,61	0,40	0,20		0,17	0,36	0,41	0,43	0,33	0,49	0,47	0,37	0,16	0,25	0,47	0,31	0,62	0,63	0,50		0,39	0,36	0,47	0,46	0,72	0,56	0,30	0,38	0,61	0,53	0,56	0,64	0,60	0,65	0,67	0,36	0,34	0,32	0,21	0,50	0,79
2013	0,22	0,26	0,18	0,29	0,29	0,19	0,32	0,11	0,29	0,24	0,15	0,69	0,59	0,82	0,18	0,74	0,53	0,50	0,61	0,24	0,12		0,44	0,26	0,22	0,19	0,30	0,84	0,53		0,60	0,53	0,68	0,43	0,26		0,15	0,51	0,36	0,44	0,33	0,41	0,45	0,24	0,17	0,19	0,50	0,34	0,54	0,55	0,62		0,39	0,29	0,37	0,55	0,61	0,51	0,33	0,45	0,42	0,46	0,45	0,55	0,57	0,69	0,60	0,31	0,30	0,24	0,26	0,53	0,68
2014	0,39	0,38	0,36	0,31	0,32	0,32	0,31	0,16	0,45	0,26	0,23	1,13	0,58	0,75	0,16	0,67	0,73	0,73	1,05	0,25	0,16		0,47	0,25	0,22	0,28	0,30	1,08	0,62		0,55	0,49	0,83	0,37	0,23		0,18	0,72	0,41	0,48	0,29	0,46	0,42	0,31	0,01	0,16	0,47	0,36	0,58	0,72	0,40		0,29	0,24	0,50		0,57	0,45	0,39	0,51	0,37	0,49	0,56	0,64	0,56	0,84	0,67	0,46	0,39	0,31	0,16	0,50	0,67
2015	0,35	0,30	0,26	0,30	0,37	0,24	0,36	0,19	0,37	0,28	0,20	0,93	0,50	0,56	0,19	0,87	0,44	0,64	0,72	0,29	0,16		0,60	0,31	0,32	0,49	0,35	0,93	0,59		0,53	0,43	0,74	0,44	0,32		0,25	0,57	0,38	0,49	0,45	0,44	0,40	0,36	0,10	0,23	0,50	0,42	0,58		0,48		0,19	0,24	0,40		0,52	0,38	0,42	0,50		0,57	0,49	0,58	0,52	0,59	0,60	0,38	0,40	0,40	0,22	0,24	0,69
