Year	KHA01	KHA02	KHA03	KHA04	KHA05	KHA06	KHA08	KHA09	KHA10	KHA11	KHA12	KHA14	KHA15	KHA16	KHA17	KHA19	KHA20
1630		0,53															
1631		0,15		0,18													
1632		0,29		0,56													
1633		0,26		0,63													
1634		0,21		0,32													
1635		0,31		0,48													
1636		0,27		0,28													
1637		0,42		0,58													
1638		0,15		0,23													
1639		0,25		0,27													
1640		0,40		0,50													
1641		0,42		0,46													
1642		0,00		0,00													
1643		0,27		0,40													
1644		0,21		0,19													
1645		0,25		0,38													
1646		0,33		0,33													
1647		0,25		0,19													
1648		0,07		0,06													
1649		0,27		0,37													
1650		0,25		0,33													
1651		0,27		0,25													
1652		0,37		0,38													
1653		0,18		0,16													
1654		0,33		0,50													
1655		0,35		0,40													
1656		0,30		0,33													
1657		0,12		0,14													
1658		0,27		0,33													
1659		0,43		0,59													
1660		0,18		0,12													
1661		0,43		0,41													
1662		0,34		0,35													
1663		0,22		0,28													
1664		0,37		0,25													
1665		0,27		0,24													
1666		0,33		0,45													
1667		0,42		0,81													
1668		0,52		0,71													
1669	0,38	0,41		0,51													
1670	0,19	0,07		0,04													
1671	0,34	0,27		0,42													
1672	0,38	0,30		0,24													
1673	0,62	0,49		0,64													
1674	0,54	0,29		0,25													
1675	0,41	0,21		0,26													
1676	0,47	0,38		0,31													
1677	0,55	0,32		0,47													
1678	0,42	0,16		0,21													
1679	0,35	0,27		0,33													
1680	0,35	0,34		0,42													
1681	0,41	0,26		0,40													
1682	0,15	0,08		0,22		0,12											
1683	0,34	0,18		0,42		0,20											
1684	0,24	0,17		0,21		0,12											
1685	0,26	0,04		0,14		0,08											
1686	0,63	0,30		0,83		0,20											
1687	0,49	0,35		0,69		0,17											
1688	0,39	0,22		0,58		0,07											
1689	0,39	0,31		0,64		0,12		0,35									
1690	0,39	0,24		0,47		0,11		0,24									
1691	0,34	0,35		0,53		0,06		0,35									
1692	0,46	0,45		0,42		0,19		0,32									
1693	0,68	0,36		0,54		0,26		0,44									
1694	0,45	0,42		0,47		0,14		0,38									
1695	0,68	0,56		0,86		0,32		0,37									
1696	0,13	0,10		0,23		0,05		0,11									
1697	0,39	0,18		0,35		0,07		0,18									
1698	0,15	0,00		0,00		0,00		0,07									
1699	0,27	0,07		0,07		0,07		0,06									
1700	0,52	0,30		0,31		0,08		0,13									
1701	0,43	0,16		0,28		0,08		0,18									
1702	0,17	0,12		0,15		0,02		0,11									
1703	0,38	0,33		0,32		0,07		0,13									
1704	0,58	0,29		0,42		0,09		0,33									
1705	0,85	0,59		0,85		0,16		0,61									
1706	0,74	0,47		0,51		0,13		0,40									
1707	0,74	0,37		0,84		0,20		0,64									
1708	0,46	0,37		0,65		0,20		0,35									
1709	0,56	0,50		0,69		0,32		0,48									
1710	0,51	0,36		0,50		0,40		0,29									
1711	0,28	0,10		0,24		0,34		0,15									
1712	0,42	0,26		0,43		0,38		0,29				0,52					
1713	0,50	0,37		0,60		0,43		0,37				0,54					
1714	0,12	0,04		0,10		0,19		0,18				0,14	0,17				
1715	0,53	0,36		0,48		0,60		0,52				0,35	0,77	0,49			
1716	0,53	0,42		0,59		0,51		0,56				0,23	0,91	0,39			
1717	0,44	0,43		0,41		0,41		0,54				0,34	0,79	0,37			
1718	0,04	0,00		0,03		0,07		0,07				0,09	0,04	0,11			
1719	0,50	0,47		0,63		0,37		0,60				0,32	0,66	0,25			
1720	0,39	0,37		0,66		0,41		0,52				0,34	0,78	0,23			
1721	0,30	0,29		0,42		0,22		0,39				0,29	0,61	0,26			0,23
1722	0,36	0,30		0,49		0,26		0,39				0,35	0,52	0,39			0,32
1723	0,38	0,27		0,40		0,18		0,23				0,29	0,45	0,26			0,38
1724	0,42	0,20		0,36		0,20		0,37				0,19	0,38	0,23			0,37
1725	0,42	0,29		0,37		0,27		0,45				0,34	0,43	0,29			0,37
1726	0,48	0,22		0,52		0,18		0,41				0,33	0,27	0,17			0,26
1727	0,64	0,33		1,05		0,57		0,96				0,57	1,13	0,67			0,39
1728	0,22	0,06		0,18		0,22		0,25				0,26	0,56	0,46			0,17
1729	0,73	0,50		0,89		0,57		0,81				0,57	1,11	0,59			0,45
1730	0,55	0,31		0,52		0,41		0,75				0,47	0,83	0,63			0,42
1731	0,39	0,31		0,34		0,35		0,54				0,38	0,64	0,48			0,31
1732	0,26	0,04		0,08		0,20		0,29				0,17	0,17	0,33			0,18
1733	0,33	0,25		0,26		0,36		0,42				0,21	0,41	0,40			0,27
1734	0,50	0,30		0,29		0,39		0,53				0,30	0,47	0,44			0,29
1735	0,24	0,03		0,20		0,17		0,27		0,25		0,18	0,14	0,11			0,14
1736	0,39	0,16		0,17		0,26		0,39		0,26		0,25	0,28	0,26			0,20
1737	0,46	0,34		0,40		0,46		0,39		0,36		0,21	0,62	0,29			0,22
1738	0,49	0,11		0,24		0,23		0,13		0,17		0,16	0,12	0,15			0,10
1739	0,55	0,35		0,41		0,52		0,31		0,50		0,33	0,45	0,30			0,17
1740	0,42	0,29		0,22		0,50		0,28		0,26		0,19	0,40	0,20			0,24
1741	0,34	0,15		0,24		0,40		0,31		0,21		0,13	0,27	0,24			0,19
1742	0,04	0,06		0,06		0,11		0,16		0,08		0,06	0,07	0,11			0,07
1743	0,53	0,34	0,17	0,58		0,38		0,48		0,46		0,17	0,76	0,38			0,24
1744	0,81	0,36	0,47	0,78		0,63		0,76		0,78		0,35	0,96	0,44			0,40
1745	0,51	0,28	0,30	0,45		0,28		0,44		0,47		0,16	0,66	0,28			0,31
1746	0,60	0,36	0,50	0,49		0,58		0,72		0,77		0,37	0,68	0,45			0,32
1747	0,69	0,48	0,58	0,76		0,95		0,83		0,87		0,53	0,88	0,82			0,38
1748	0,84	0,51	0,76	0,63	0,31	0,88		0,73		0,77		0,40	0,88	0,89			0,30
1749	0,52	0,43	0,60	0,53	0,38	0,69		0,59		0,68		0,34	0,53	0,61			0,27
1750	0,36	0,29	0,38	0,22	0,29	0,47		0,37		0,54		0,36	0,43	0,48			0,27
1751	0,32	0,37	0,48	0,24	0,31	0,37		0,25		0,38		0,27	0,39	0,31			0,37
1752	0,47	0,55	0,64	0,31	0,27	0,69		0,35		0,52		0,31	0,54	0,43			0,54
1753	0,26	0,29	0,31	0,16	0,28	0,40		0,27		0,22		0,17	0,33	0,31			0,38
1754	0,27	0,31	0,32	0,21	0,16	0,41		0,17		0,30		0,18	0,35	0,28			0,29
1755	0,20	0,32	0,37	0,10	0,09	0,29		0,11		0,30		0,12	0,22	0,22			0,15
1756	0,29	0,23	0,38	0,24	0,16	0,41		0,16		0,41		0,21	0,22	0,31			0,29
1757	0,82	0,59	0,86	0,48	0,35	0,60		0,44		0,78		0,38	0,89	0,80			0,47
1758	0,66	0,26	0,58	0,46	0,31	0,59	0,45	0,40		0,66		0,32	0,54	0,66			0,43
1759	0,20	0,21	0,37	0,27	0,17	0,43	0,37	0,28		0,48		0,22	0,40	0,51			0,26
1760	0,05	0,03	0,12	0,06	0,06	0,15	0,23	0,03		0,15	0,44	0,00	0,08	0,20			0,07
1761	0,41	0,28	0,40	0,31	0,06	0,30	0,47	0,11		0,36	0,58	0,09	0,47	0,41			0,21
1762	0,26	0,34	0,37	0,26	0,00	0,30	0,39	0,12		0,21	0,66	0,11	0,44	0,22			0,21
1763	0,34	0,40	0,45	0,28	0,18	0,37	0,63	0,31		0,30	1,09	0,19	0,54	0,30			0,27
1764	0,11	0,36	0,37	0,14	0,18	0,30	0,43	0,27		0,35	0,88	0,21	0,32	0,23			0,26
1765	0,43	0,45	0,70	0,41	0,39	0,65	0,69	0,43		0,49	0,88	0,29	0,53	0,58			0,37
1766	0,67	0,43	0,72	0,35	0,30	0,64	0,43	0,37		0,38	0,88	0,27	0,67	0,37			0,41
1767	0,51	0,52	0,82	0,26	0,30	0,67	0,38	0,48		0,45	0,62	0,30	0,68	0,47			0,50
1768	0,19	0,27	0,55	0,07	0,28	0,44	0,42	0,34		0,41	0,60	0,22	0,27	0,36			0,33
1769	0,63	0,46	0,59	0,43	0,39	0,73	0,58	0,72		0,83	0,76	0,44	0,88	0,56			0,48
1770	0,18	0,07	0,31	0,03	0,24	0,37	0,26	0,29		0,38	0,39	0,15	0,23	0,32			0,22
1771	0,34	0,21	0,16	0,13	0,10	0,16	0,04	0,18		0,18	0,27	0,15	0,13	0,11			0,06
1772	0,09	0,06	0,24	0,21	0,09	0,35	0,12	0,23		0,25	0,47	0,12	0,19	0,19			0,19
1773	0,04	0,07	0,11	0,14	0,02	0,13	0,12	0,06		0,20	0,23	0,05	0,08	0,09			0,06
1774	0,47	0,35	0,54	0,36	0,23	0,48	0,26	0,28		0,62	0,39	0,23	0,46	0,39			0,37
1775	0,50	0,56	0,94	0,32	0,34	0,63	0,39	0,38		0,64	0,47	0,24	0,53	0,61			0,52
1776	0,39	0,14	0,59	0,08	0,33	0,48	0,33	0,30		0,47	0,46	0,18	0,15	0,44			0,38
1777	0,51	0,34	0,62	0,41	0,41	0,60	0,46	0,41		0,79	0,70	0,24	0,58	0,60			0,45
1778	0,32	0,29	0,72	0,31	0,37	0,46	0,45	0,44	0,75	0,65	0,68	0,23	0,60	0,54			0,54
1779	0,11	0,06	0,30	0,08	0,22	0,38	0,22	0,23	0,54	0,43	0,44	0,17	0,09	0,30			0,28
1780	0,33	0,17	0,29	0,21	0,22	0,40	0,23	0,33	0,55	0,44	0,45	0,17	0,30	0,30			0,32
1781	0,14	0,15	0,31	0,16	0,30	0,29	0,21	0,15	0,80	0,50	0,40	0,10	0,16	0,33			0,27
1782	0,37	0,35	0,56	0,31	0,45	0,53	0,41	0,42	1,02	0,55	0,63	0,22	0,57	0,48			0,36
1783	0,30	0,24	0,38	0,19	0,33	0,38	0,24	0,37	0,62	0,56	0,55	0,13	0,21	0,36			0,24
1784	0,43	0,41	0,77	0,32	0,52	0,69	0,50	0,68	0,83	0,91	0,73	0,31	0,57	0,56			0,34
1785	0,41	0,43	0,68	0,36	0,33	0,62	0,42	0,73	0,65	0,66	0,60	0,44	0,64	0,45			0,42
1786	0,17	0,06	0,14	0,08	0,13	0,19	0,07	0,12	0,24	0,16	0,35	0,12	0,12	0,22			0,10
1787	0,57	0,42	0,75	0,50	0,20	0,48	0,36	0,62	0,73	0,57	0,73	0,36	0,82	0,55			0,39
1788	0,30	0,19	0,33	0,20	0,15	0,34	0,23	0,38	0,33	0,34	0,48	0,18	0,37	0,43			0,28
1789	0,41	0,15	0,38	0,28	0,24	0,45	0,36	0,40	0,57	0,39	0,74	0,25	0,48	0,67			0,27
1790	0,43	0,28	0,66	0,23	0,35	0,39	0,33	0,50	0,59	0,49	0,66	0,26	0,56	0,74			0,40
1791	0,26	0,08	0,24	0,08	0,14	0,21	0,24	0,30	0,44	0,16	0,41	0,17	0,34	0,63			0,20
1792	0,38	0,12	0,34	0,00	0,28	0,20	0,39	0,36	0,48	0,30	0,49	0,16	0,33	0,62			0,18
1793	0,61	0,25	0,63	0,05	0,35	0,45	0,52	0,67	0,62	0,32	0,66	0,28	0,78	0,78		0,52	0,29
1794	0,83	0,39	1,18	0,06	0,52	0,63	0,72	0,98	0,89	0,45	1,04	0,48	1,03	0,82		0,56	0,53
1795	0,40	0,09	0,57	0,00	0,20	0,37	0,13	0,40	0,51	0,43	0,50	0,21	0,13	0,43		0,25	0,19
1796	0,42	0,24	0,64	0,41	0,34	0,33	0,39	0,52	0,59	0,37	0,68	0,28	0,46	0,47		0,43	0,30
1797	0,37	0,10	0,53	0,38	0,30	0,34	0,29	0,48	0,48	0,35	0,68	0,25	0,37	0,48		0,37	0,29
1798	0,10	0,03	0,17	0,11	0,14	0,14	0,09	0,20	0,24	0,16	0,40	0,11	0,04	0,12		0,12	0,14
1799	0,23	0,19	0,30	0,20	0,20	0,30	0,26	0,33	0,26	0,18	0,46	0,16	0,28	0,33		0,16	0,23
1800	0,05	0,00	0,10	0,02	0,04	0,26	0,11	0,19	0,31	0,14	0,34	0,09	0,03	0,23		0,11	0,17
1801	0,39	0,33	0,42	0,17	0,29	0,46	0,52	0,37	0,63	0,45	0,52	0,37	0,50	0,46		0,24	0,29
1802	0,38	0,25	0,47	0,04	0,31	0,41	0,53	0,58	0,58	0,51	0,55	0,36	0,47	0,60		0,43	0,38
1803	0,37	0,32	0,58	0,18	0,33	0,49	0,10	0,32	0,53	0,45	0,53	0,30	0,51	0,67		0,40	0,28
1804	0,25	0,15	0,45	0,33	0,22	0,38	0,33	0,35	0,25	0,37	0,40	0,24	0,45	0,48		0,25	0,29
1805	0,29	0,21	0,72	0,21	0,25	0,39	0,33	0,54	0,39	0,59	0,64	0,34	0,47	0,54		0,34	0,39
1806	0,35	0,38	1,14	0,20	0,35	0,48	0,59	0,69	0,54	0,78	0,75	0,53	0,52	0,68		0,45	0,52
1807	0,03	0,05	0,21	0,00	0,12	0,08	0,16	0,09	0,23	0,19	0,25	0,16	0,07	0,27		0,15	0,10
1808	0,33	0,31	0,51	0,11	0,30	0,36	0,38	0,50	0,40	0,61	0,57	0,33	0,45	0,52		0,46	0,25
1809	0,28	0,25	0,41	0,18	0,24	0,32	0,35	0,43	0,21	0,35	0,49	0,37	0,26	0,49		0,31	0,19
1810	0,23	0,29	0,24	0,20	0,58	0,19	0,28	0,31	0,20	0,29	0,33	0,38	0,34	0,44		0,26	0,16
1811	0,16	0,16	0,27	0,26	0,11	0,27	0,29	0,26	0,10	0,12	0,32	0,18	0,17	0,34		0,21	0,15
1812	0,04	0,05	0,06	0,01	0,06	0,04	0,07	0,06	0,04	0,08	0,15	0,07	0,00	0,10		0,08	0,06
1813	0,06	0,12	0,15	0,04	0,07	0,14	0,15	0,06	0,11	0,06	0,27	0,07	0,06	0,20		0,18	0,06
1814	0,24	0,18	0,25	0,13	0,16	0,20	0,16	0,16	0,13	0,13	0,43	0,11	0,19	0,40		0,18	0,14
1815	0,12	0,05	0,15	0,05	0,09	0,13	0,04	0,09	0,05	0,07	0,35	0,11	0,11	0,23		0,09	0,14
1816	0,16	0,14	0,17	0,07	0,10	0,22	0,27	0,12	0,13	0,07	0,40	0,11	0,10	0,28		0,11	0,18
1817	0,25	0,16	0,25	0,14	0,18	0,29	0,40	0,21	0,20	0,18	0,62	0,16	0,10	0,36		0,27	0,18
1818	0,21	0,23	0,48	0,13	0,19	0,34	0,41	0,27	0,26	0,12	0,45	0,18	0,03	0,49		0,34	0,23
1819	0,08	0,03	0,21	0,10	0,11	0,23	0,20	0,16	0,15	0,06	0,21	0,07	0,04	0,21		0,13	0,08
1820	0,00	0,10	0,22	0,00	0,09	0,18	0,13	0,12	0,12	0,00	0,18	0,06	0,00	0,25		0,10	0,15
1821	0,04	0,15	0,36	0,09	0,22	0,33	0,37	0,30	0,29	0,05	0,35	0,13	0,25	0,43		0,30	0,19
1822	0,21	0,30	0,52	0,10	0,29	0,42	0,24	0,24	0,35	0,18	0,29	0,10	0,19	0,43		0,43	0,27
1823	0,31	0,17	0,20	0,14	0,09	0,25	0,32	0,14	0,25	0,20	0,17	0,04	0,07	0,19		0,37	0,14
1824	0,14	0,06	0,23	0,21	0,15	0,22	0,27	0,15	0,27	0,08	0,13	0,08	0,06	0,16		0,33	0,24
1825	0,08	0,00	0,03	0,03	0,00	0,05	0,00	0,00	0,09	0,00	0,06	0,00	0,00	0,00		0,06	0,00
1826	0,06	0,03	0,14	0,06	0,02	0,23	0,12	0,11	0,11	0,07	0,16	0,04	0,04	0,14		0,28	0,14
1827	0,25	0,17	0,30	0,05	0,04	0,25	0,11	0,15	0,18	0,07	0,19	0,10	0,14	0,18		0,12	0,17
1828	0,44	0,10	0,77	0,19	0,16	0,43	0,43	0,32	0,37	0,16	0,33	0,19	0,22	0,32		0,53	0,34
1829	0,39	0,31	0,42	0,16	0,23	0,32	0,31	0,18	0,33	0,25	0,26	0,09	0,11	0,27		0,37	0,21
1830	0,03	0,10	0,19	0,07	0,14	0,05	0,00	0,05	0,09	0,27	0,09	0,05	0,00	0,08		0,20	0,06
1831	0,34	0,30	0,38	0,21	0,15	0,30	0,34	0,15	0,37	0,24	0,28	0,14	0,25	0,27		0,39	0,22
1832	0,26	0,11	0,25	0,08	0,17	0,21	0,20	0,17	0,32	0,10	0,24	0,12	0,09	0,16		0,25	0,14
1833	0,08	0,03	0,08	0,00	0,00	0,11	0,02	0,00	0,17	0,05	0,12	0,04	0,00	0,06		0,15	0,08
1834	0,28	0,28	0,29	0,20	0,19	0,28	0,44	0,31	0,50	0,34	0,33	0,25	0,17	0,20		0,41	0,28
1835	0,42	0,28	0,32	0,26	0,30	0,44	0,53	0,47	0,56	0,51	0,35	0,32	0,20	0,28		0,66	0,41
1836	0,22	0,18	0,24	0,11	0,23	0,25	0,24	0,26	0,28	0,30	0,31	0,10	0,05	0,19		0,43	0,16
1837	0,04	0,07	0,11	0,07	0,06	0,08	0,04	0,08	0,10	0,08	0,14	0,07	0,03	0,05		0,15	0,05
1838	0,10	0,15	0,14	0,13	0,10	0,11	0,15	0,12	0,13	0,28	0,15	0,12	0,13	0,10	0,22	0,24	0,16
1839	0,09	0,12	0,23	0,10	0,19	0,21	0,13	0,15	0,14	0,22	0,23	0,08	0,06	0,10	0,27	0,25	0,15
1840	0,15	0,24	0,32	0,16	0,40	0,31	0,25	0,21	0,21	0,21	0,21	0,16	0,17	0,31	0,15	0,57	0,22
1841	0,20	0,20	0,32	0,15	0,37	0,31	0,26	0,26	0,32	0,25	0,32	0,19	0,18	0,25	0,19	0,69	0,33
1842	0,23	0,21	0,61	0,21	0,54	0,28	0,32	0,30	0,32	0,44	0,38	0,18	0,27	0,31	0,27	0,68	0,32
1843	0,10	0,11	0,52	0,06	0,38	0,23	0,17	0,16	0,25	0,13	0,24	0,14	0,04	0,27	0,44	0,39	0,29
1844	0,15	0,08	0,16	0,10	0,29	0,22	0,18	0,16	0,15	0,28	0,13	0,09	0,10	0,14	0,44	0,23	0,12
1845	0,12	0,07	0,24	0,03	0,39	0,25	0,23	0,20	0,27	0,29	0,18	0,13	0,06	0,26	0,46	0,40	0,19
1846	0,14	0,18	0,31	0,14	0,52	0,26	0,26	0,28	0,40	0,35	0,26	0,14	0,18	0,30	0,54	0,40	0,25
1847	0,07	0,12	0,24	0,06	0,20	0,13	0,03	0,09	0,21	0,04	0,17	0,09	0,12	0,14	0,23	0,14	0,16
1848	0,14	0,13	0,23	0,10	0,31	0,24	0,20	0,13	0,23	0,17	0,23	0,11	0,15	0,16	0,34	0,31	0,20
1849	0,00	0,00	0,11	0,04	0,09	0,07	0,00	0,00	0,14	0,00	0,05	0,03	0,00	0,05	0,19	0,09	0,06
1850	0,21	0,28	0,36	0,19	0,36	0,28	0,12	0,22	0,35	0,29	0,36	0,13	0,27	0,28	0,26	0,37	0,23
1851	0,03	0,08	0,19	0,05	0,19	0,19	0,05	0,15	0,30	0,09	0,28	0,09	0,06	0,24	0,14	0,17	0,16
1852	0,29	0,33	0,43	0,25	0,83	0,35	0,52	0,42	0,66	0,50	0,59	0,34	0,49	0,55	0,40	0,83	0,43
1853	0,12	0,27	0,38	0,06	0,90	0,33	0,39	0,23	0,45	0,35	0,33	0,39	0,31	0,33	0,48	0,36	0,27
1854	0,21	0,43	0,58	0,13	0,96	0,36	0,50	0,22	0,52	0,45	0,46	0,69	0,34	0,33	0,85	0,66	0,41
1855	0,13	0,15	0,78	0,07	0,77	0,39	0,46	0,31	0,54	0,38	0,44	0,51	0,24	0,32	0,76	0,65	0,31
1856	0,20	0,31	0,50	0,23	0,91	0,32	0,45	0,19	0,51	0,16	0,45	0,50	0,30	0,39	0,73	0,77	0,31
1857	0,34	0,43	0,84	0,28	1,02	0,37	0,50	0,37	0,60	0,40	0,80	0,67	0,38	0,48	0,66	0,90	0,50
1858	0,30	0,33	0,41	0,20	1,15	0,32	0,31	0,29	0,44	0,33	0,73	0,42	0,32	0,49	0,50	0,68	0,38
1859	0,25	0,19	0,28	0,11	0,98	0,21	0,31	0,25	0,30	0,29	0,58	0,42	0,19	0,45	0,41	0,61	0,36
1860	0,54	0,45	0,62	0,47	1,47	0,47	0,55	0,34	0,77	0,46	0,83	0,52	0,45	0,87	0,73	1,03	0,61
1861	0,45	0,31	0,66	0,27	1,22	0,51	0,45	0,31	0,68	0,40	0,67	0,44	0,27	0,63	0,72	0,67	0,47
1862	0,34	0,29	0,55	0,19	1,04	0,45	0,43	0,27	0,47	0,28	0,58	0,43	0,23	0,50	0,75	0,74	0,49
1863	0,12	0,10	0,39	0,19	0,94	0,26	0,51	0,32	0,46	0,42	0,60	0,44	0,24	0,66	0,73	0,71	0,46
1864	0,25	0,24	0,43	0,24	1,00	0,38	0,54	0,35	0,62	0,75	0,76	0,44	0,27	0,63	0,64	0,62	0,46
1865	0,32	0,36	0,74	0,29	0,96	0,39	0,58	0,35	0,54	0,78	0,90	0,57	0,32	0,75	0,79	0,64	0,60
1866	0,00	0,08	0,20	0,05	0,27	0,13	0,04	0,09	0,15	0,14	0,32	0,10	0,09	0,16	0,24	0,12	0,22
1867	0,08	0,06	0,21	0,04	0,34	0,06	0,12	0,11	0,19	0,23	0,42	0,17	0,15	0,25	0,35	0,19	0,21
1868	0,30	0,42	0,74	0,39	0,93	0,39	0,49	0,35	0,52	0,76	0,84	0,50	0,41	0,64	0,68	0,51	0,54
1869	0,00	0,07	0,15	0,04	0,28	0,11	0,00	0,00	0,06	0,00	0,18	0,07	0,00	0,16	0,22	0,04	0,08
1870	0,09	0,13	0,38	0,15	0,43	0,13	0,22	0,14	0,16	0,23	0,20	0,11	0,31	0,30	0,23	0,20	0,18
1871	0,17	0,22	0,68	0,16	0,54	0,26	0,23	0,18	0,20	0,26	0,43	0,20	0,30	0,43	0,41	0,29	0,27
1872	0,17	0,28	0,76	0,03	0,69	0,41	0,29	0,21	0,23	0,41	0,51	0,22	0,43	0,52	0,77	0,37	0,32
1873	0,09	0,05	0,20	0,17	0,39	0,19	0,11	0,08	0,07	0,13	0,31	0,09	0,10	0,16	0,39	0,11	0,11
1874	0,00	0,09	0,18	0,12	0,33	0,14	0,03	0,00	0,12	0,10	0,31	0,05	0,10	0,19	0,29	0,13	0,13
1875	0,19	0,34	0,50	0,19	0,60	0,27	0,32	0,21	0,26	0,17	0,63	0,11	0,40	0,40	0,50	0,25	0,38
1876	0,10	0,13	0,33	0,07	0,41	0,20	0,23	0,11	0,10	0,14	0,41	0,12	0,18	0,20	0,40	0,17	0,23
1877	0,29	0,33	0,65	0,24	1,12	0,42	0,60	0,26	0,19	0,40	0,87	0,35	0,43	0,48	0,79	0,43	0,53
1878	0,27	0,24	0,90	0,24	1,28	0,42	0,66	0,25	0,34	0,44	0,79	0,43	0,63	0,58	1,04	0,62	0,49
1879	0,32	0,21	0,87	0,26	1,29	0,42	0,56	0,23	0,26	0,63	0,70	0,29	0,58	0,59	0,81	0,59	0,44
1880	0,23	0,19	0,98	0,24	1,22	0,40	0,38	0,21	0,24	0,53	0,82	0,21	0,75	0,57	0,81	0,57	0,49
1881	0,13	0,12	0,78	0,12	0,79	0,25	0,37	0,14	0,15	0,33	0,73	0,16	0,23	0,47	0,53	0,31	0,41
1882	0,14	0,13	0,80	0,13	1,00	0,23	0,37	0,26	0,13	0,34	0,77	0,19	0,29	0,43	0,53	0,25	0,39
1883	0,23	0,24	0,74	0,18	1,08	0,32	0,53	0,21	0,20	0,38	0,96	0,30	0,48	0,59	0,93	0,46	0,37
1884	0,07	0,07	0,24	0,05	0,47	0,11	0,00	0,10	0,05	0,15	0,34	0,00	0,11	0,11	0,42	0,12	0,11
1885	0,03	0,06	0,16	0,05	0,28	0,04	0,11	0,03	0,03	0,09	0,25	0,00	0,07	0,11	0,42	0,06	0,07
1886	0,16	0,12	0,29	0,06	0,54	0,22	0,28	0,13	0,08	0,19	0,34	0,14	0,25	0,24	0,61	0,21	0,21
1887	0,28	0,33	0,47	0,20	0,66	0,28	0,36	0,28	0,15	0,34	0,38	0,25	0,46	0,46	0,88	0,23	0,42
1888	0,17	0,13	0,48	0,17	0,78	0,17	0,37	0,23	0,11	0,26	0,28	0,16	0,32	0,35	1,02	0,25	0,35
1889	0,08	0,04	0,29	0,03	0,50	0,09	0,20	0,16	0,03	0,13	0,23	0,13	0,21	0,19	0,55	0,13	0,26
1890	0,16	0,11	0,32	0,07	0,67	0,16	0,16	0,16	0,08	0,18	0,37	0,14	0,34	0,32	0,59	0,21	0,29
1891	0,36	0,26	0,77	0,26	1,10	0,41	0,53	0,43	0,18	0,39	0,56	0,40	0,73	0,61	0,99	0,47	0,53
1892	0,37	0,19	0,65	0,29	1,15	0,58	0,53	0,32	0,14	0,28	0,47	0,35	0,74	0,73	1,13	0,58	0,61
1893	0,23	0,12	0,52	0,24	0,73	0,42	0,32	0,21	0,20	0,28	0,44	0,21	0,66	0,65	0,74	0,35	0,32
1894	0,32	0,27	0,70	0,26	0,99	0,45	0,43	0,32	0,38	0,57	0,57	0,44	0,72	0,87	0,95	0,94	0,29
1895	0,22	0,15	0,40	0,19	0,99	0,38	0,37	0,17	0,19	0,31	0,53	0,17	0,13	0,43	0,76	0,61	0,20
1896	0,38	0,30	0,70	0,44	1,10	0,46	0,56	0,32	0,34	0,33	0,59	0,31	0,71	0,71	1,11	0,99	0,38
1897	0,32	0,30	0,67	0,59	1,55	0,45	0,80	0,38	0,44	0,66	0,62	0,41	0,84	0,77	1,35	1,05	0,36
1898	0,06	0,08	0,29	0,08	0,56	0,29	0,20	0,14	0,14	0,26	0,46	0,09	0,48	0,37	0,65	0,45	0,13
1899	0,11	0,04	0,24	0,10	0,42	0,20	0,15	0,13	0,05	0,20	0,36	0,09	0,32	0,43	0,62	0,37	0,15
1900	0,05	0,09	0,29	0,06	0,23	0,18	0,07	0,10	0,04	0,08	0,22	0,12	0,39	0,26	0,20	0,22	0,13
1901	0,21	0,22	0,42	0,20	0,46	0,31	0,20	0,25	0,21	0,19	0,45	0,14	0,64	0,57	0,52	0,46	0,28
1902	0,21	0,27	0,47	0,23	0,51	0,29	0,30	0,22	0,22	0,20	0,45	0,11	0,38	0,55	0,46	0,53	0,27
1903	0,12	0,08	0,44	0,04	0,43	0,25	0,29	0,17	0,12	0,15	0,38	0,11	0,53	0,47	0,49	0,29	0,20
1904	0,12	0,11	0,40	0,12	0,28	0,24	0,29	0,09	0,14	0,14	0,45	0,08	0,21	0,45	0,33	0,38	0,12
1905	0,06	0,00	0,22	0,00	0,27	0,13	0,14	0,06	0,00	0,21	0,33	0,07	0,00	0,25	0,26	0,24	0,22
1906	0,17	0,19	0,23	0,12	0,31	0,20	0,29	0,15	0,14	0,23	0,37	0,13	0,24	0,26	0,39	0,31	0,19
1907	0,14	0,20	0,43	0,11	0,29	0,20	0,21	0,14	0,07	0,08	0,31	0,12	0,30	0,23	0,41	0,27	0,18
1908	0,41	0,52	0,77	0,31	0,82	0,51	0,65	0,42	0,27	0,41	0,56	0,38	0,56	0,43	0,81	1,03	0,41
1909	0,28	0,19	0,48	0,13	0,31	0,10	0,21	0,19	0,11	0,13	0,31	0,15	0,15	0,12	0,77	0,44	0,25
1910	0,13	0,20	0,30	0,11	0,46	0,22	0,51	0,14	0,09	0,14	0,10	0,20	0,45	0,19	0,69	0,24	0,19
1911	0,15	0,13	0,38	0,11	0,37	0,28	0,32	0,09	0,06	0,13	0,19	0,12	0,50	0,16	0,61	0,17	0,15
1912	0,00	0,00	0,13	0,00	0,29	0,10	0,07	0,00	0,00	0,05	0,09	0,08	0,07	0,00	0,42	0,06	0,00
1913	0,12	0,15	0,27	0,08	0,20	0,17	0,17	0,11	0,07	0,11	0,11	0,08	0,22	0,18	0,33	0,12	0,16
1914	0,24	0,20	0,94	0,00	0,63	0,44	0,47	0,25	0,18	0,32	0,33	0,34	0,68	0,44	0,67	0,43	0,34
1915	0,25	0,27	0,68	0,10	0,59	0,43	0,25	0,18	0,07	0,14	0,15	0,31	0,34	0,21	0,61	0,31	0,30
1916	0,27	0,38	0,68	0,21	0,68	0,45	0,52	0,25	0,16	0,25	0,33	0,41	0,45	0,35	0,78	0,32	0,31
1917	0,17	0,27	0,37	0,17	0,62	0,35	0,45	0,22	0,15	0,24	0,27	0,39	0,50	0,42	0,74	0,25	0,32
1918	0,24	0,32	0,53	0,22	0,74	0,46	0,55	0,26	0,15	0,29	0,42	0,54	0,45	0,37	0,73	0,30	0,30
1919	0,28	0,26	0,36	0,31	0,69	0,37	0,45	0,21	0,11	0,21	0,37	0,33	0,48	0,43	0,76	0,30	0,25
1920	0,39	0,34	0,67	0,36	0,88	0,41	0,47	0,27	0,16	0,20	0,43	0,43	0,52	0,54	0,80	0,33	0,33
1921	0,13	0,12	0,26	0,17	0,60	0,29	0,52	0,14	0,07	0,04	0,34	0,36	0,53	0,38	0,47	0,12	0,20
1922	0,20	0,27	0,47	0,32	0,78	0,37	0,68	0,30	0,19	0,24	0,54	0,60	0,47	0,55	0,62	0,28	0,25
1923	0,24	0,28	0,66	0,22	0,89	0,33	0,45	0,26	0,19	0,17	0,49	0,51	0,45	0,42	0,69	0,24	0,32
1924	0,21	0,36	0,69	0,21	0,78	0,35	0,60	0,30	0,25	0,22	0,43	0,62	0,45	0,42	0,79	0,37	0,40
1925	0,07	0,18	0,37	0,20	0,58	0,20	0,25	0,18	0,16	0,13	0,34	0,34	0,36	0,24	0,45	0,20	0,20
1926	0,32	0,39	0,44	0,30	0,92	0,34	0,54	0,27	0,25	0,31	0,43	0,53	0,47	0,55	0,91	0,43	0,28
1927	0,06	0,23	0,24	0,35	0,46	0,18	0,08	0,15	0,09	0,06	0,28	0,22	0,20	0,20	0,47	0,19	0,19
1928	0,24	0,46	0,50	0,36	0,79	0,36	0,48	0,24	0,23	0,23	0,35	0,49	0,59	0,61	0,79	0,46	0,28
1929	0,18	0,33	0,63	0,36	0,62	0,30	0,30	0,22	0,25	0,22	0,30	0,38	0,61	0,38	0,42	0,38	0,34
1930	0,18	0,37	0,48	0,29	0,82	0,30	0,39	0,30	0,24	0,30	0,53	0,45	0,74	0,50	0,57	0,44	0,34
1931	0,08	0,13	0,16	0,06	0,26	0,22	0,16	0,06	0,02	0,14	0,14	0,16	0,12	0,13	0,27	0,17	0,14
1932	0,20	0,28	0,39	0,27	0,48	0,31	0,58	0,18	0,15	0,20	0,47	0,48	0,50	0,36	0,51	0,36	0,19
1933	0,16	0,31	0,66	0,25	0,40	0,28	0,46	0,23	0,19	0,28	0,52	0,31	0,47	0,39	0,60	0,38	0,38
1934	0,11	0,30	0,48	0,28	0,60	0,30	0,61	0,21	0,17	0,28	0,51	0,36	0,29	0,42	0,64	0,38	0,23
1935	0,21	0,30	0,57	0,29	0,50	0,28	0,67	0,31	0,21	0,31	0,37	0,39	0,35	0,48	0,91	0,54	0,24
1936	0,25	0,31	0,58	0,25	0,60	0,33	0,85	0,25	0,22	0,27	0,36	0,81	0,31	0,58	1,14	0,65	0,24
1937	0,24	0,25	0,53	0,16	0,31	0,29	0,54	0,20	0,16	0,23	0,33	0,46	0,39	0,49	0,97	0,45	0,23
1938	0,32	0,26	0,26	0,22	0,48	0,34	0,55	0,21	0,17	0,26	0,43	0,62	0,43	0,55	0,97	0,40	0,21
1939	0,36	0,41	0,59	0,41	0,50	0,40	0,71	0,25	0,27	0,35	0,55	0,47	0,89	0,67	1,06	0,71	0,30
1940	0,33	0,44	0,50	0,47	0,58	0,39	0,79	0,28	0,38	1,00	0,44	0,42	0,62	0,68	0,98	0,74	0,28
1941	0,43	0,51	0,84	0,57	0,83	0,47	1,06	0,43	0,57	0,67	0,42	0,60	0,76	0,77	1,29	1,73	0,51
1942	0,40	0,40	0,45	0,49	0,59	0,33	0,79	0,25	0,50	0,44	0,41	0,38	0,50	0,70	1,21	1,80	0,30
1943	0,42	0,48	0,76	0,60	0,59	0,43	0,74	0,31	0,42	0,36	0,51	0,44	0,61	0,58	1,22	1,17	0,39
1944	0,20	0,25	0,62	0,26	0,56	0,34	0,38	0,11	0,23	0,25	0,42	0,35	0,37	0,40	0,85	0,55	0,30
1945	0,37	0,48	0,71	0,57	0,69	0,49	0,70	0,25	0,39	0,46	0,57	0,55	0,73	0,60	1,15	0,60	0,38
1946	0,38	0,48	0,53	0,43	0,83	0,34	0,57	0,20	0,36	0,27	0,52	0,41	0,65	0,43	0,72	0,65	0,39
1947	0,05	0,09	0,13	0,12	0,24	0,12	0,10	0,02	0,05	0,06	0,38	0,08	0,17	0,24	0,18	0,23	0,07
1948	0,29	0,44	0,59	0,33	0,57	0,33	0,63	0,20	0,32	0,35	0,59	0,50	0,74	0,63	0,85	0,51	0,18
1949	0,06	0,05	0,19	0,05	0,11	0,14	0,17	0,05	0,16	0,25	0,50	0,26	0,62	0,35	0,27	0,25	0,13
1950	0,07	0,21	0,30	0,17	0,35	0,18	0,10	0,06	0,16	0,22	0,54	0,23	0,47	0,32	0,44	0,23	0,15
1951	0,03	0,12	0,32	0,06	0,36	0,23	0,24	0,08	0,25	0,29	0,71	0,38	0,62	0,39	0,44	0,30	0,13
1952	0,06	0,15	0,33	0,19	0,26	0,25	0,11	0,14	0,22	0,24	0,49	0,20	0,28	0,29	0,41	0,20	0,15
1953	0,05	0,43	0,50	0,36	0,46	0,31	0,31	0,19	0,31	0,42	0,69	0,53	0,81	0,61	0,76	0,46	0,14
1954	0,03	0,15	0,25	0,13	0,17	0,20	0,11	0,10	0,04	0,16	0,25	0,22	0,33	0,30	0,47	0,23	0,10
1955	0,13	0,23	0,32	0,13	0,15	0,14	0,18	0,17	0,23	0,15	0,15	0,16	0,23	0,44	0,57	0,35	0,08
1956	0,13	0,19	0,22	0,15	0,14	0,10	0,26	0,13	0,25	0,18	0,43	0,13	0,34	0,36	0,39	0,46	0,10
1957	0,09	0,26	0,24	0,11	0,18	0,16	0,23	0,21	0,21	0,15	0,39	0,16	0,32	0,33	0,39	0,43	0,14
1958	0,07	0,04	0,24	0,09	0,10	0,13	0,26	0,14	0,15	0,08	0,35	0,12	0,20	0,21	0,24	0,66	0,07
1959	0,04	0,20	0,23	0,20	0,14	0,23	0,21	0,19	0,23	0,02	0,29	0,17	0,31	0,37	0,45	0,59	0,13
1960	0,14	0,24	0,34	0,16	0,17	0,14	0,10	0,14	0,21	0,14	0,31	0,11	0,33	0,27	0,52	0,51	0,10
1961	0,19	0,22	0,26	0,12	0,16	0,16	0,09	0,10	0,32	0,12	0,26	0,17	0,32	0,25	0,58	0,43	0,08
1962	0,20	0,20	0,31	0,10	0,18	0,21	0,16	0,07	0,13	0,11	0,25	0,19	0,33	0,21	0,45	0,21	0,11
1963	0,00	0,12	0,11	0,03	0,13	0,12	0,06	0,05	0,18	0,00	0,19	0,11	0,18	0,15	0,34	0,18	0,06
1964	0,19	0,27	0,28	0,20	0,28	0,18	0,15	0,16	0,30	0,13	0,17	0,24	0,35	0,30	0,51	0,37	0,15
1965	0,03	0,18	0,15	0,06	0,15	0,12	0,04	0,17	0,11	0,05	0,06	0,15	0,20	0,14	0,40	0,34	0,08
1966	0,16	0,29	0,26	0,11	0,26	0,23	0,09	0,17	0,22	0,22	0,15	0,24	0,35	0,24	0,49	0,41	0,19
1967	0,13	0,28	0,28	0,18	0,23	0,24	0,23	0,22	0,34	0,08	0,12	0,29	0,39	0,41	0,58	0,61	0,18
1968	0,00	0,17	0,22	0,09	0,20	0,11	0,07	0,14	0,19	0,13	0,07	0,13	0,22	0,27	0,38	0,34	0,11
1969	0,15	0,18	0,18	0,09	0,29	0,14	0,24	0,18	0,42	0,30	0,07	0,28	0,32	0,40	0,39	0,59	0,17
1970	0,08	0,17	0,20	0,07	0,33	0,10	0,14	0,18	0,29	0,14	0,10	0,27	0,32	0,30	0,46	0,58	0,16
1971	0,00	0,08	0,11	0,05	0,19	0,02	0,05	0,05	0,04	0,00	0,04	0,12	0,14	0,11	0,21	0,17	0,04
1972	0,08	0,22	0,32	0,00	0,25	0,10	0,10	0,14	0,13	0,26	0,07	0,19	0,31	0,24	0,53	0,29	0,10
1973	0,04	0,07	0,14	0,11	0,11	0,09	0,04	0,08	0,03	0,16	0,05	0,07	0,02	0,11	0,20	0,21	0,06
1974	0,02	0,00	0,05	0,03	0,00	0,00	0,00	0,09	0,00	0,00	0,01	0,00	0,03	0,00	0,13	0,04	0,00
1975	0,01	0,23	0,14	0,04	0,19	0,16	0,12	0,11	0,13	0,05	0,11	0,19	0,13	0,19	0,32	0,21	0,12
1976	0,18	0,26	0,21	0,07	0,22	0,13	0,17	0,20	0,15	0,12	0,06	0,18	0,22	0,22	0,43	0,18	0,12
1977	0,02	0,06	0,10	0,03	0,08	0,09	0,04	0,07	0,03	0,03	0,04	0,05	0,04	0,09	0,22	0,09	0,07
1978	0,13	0,19	0,19	0,09	0,16	0,10	0,15	0,13	0,14	0,08	0,07	0,13	0,18	0,18	0,38	0,23	0,11
1979	0,21	0,32	0,31	0,09	0,25	0,15	0,22	0,20	0,18	0,16	0,09	0,19	0,27	0,29	0,53	0,35	0,20
1980	0,02	0,05	0,06	0,00	0,04	0,02	0,00	0,07	0,03	0,02	0,01	0,04	0,03	0,00	0,05	0,12	0,07
1981	0,09	0,24	0,18	0,12	0,18	0,19	0,11	0,07	0,11	0,09	0,11	0,12	0,09	0,20	0,29	0,20	0,15
1982	0,06	0,17	0,18	0,05	0,16	0,14	0,16	0,16	0,11	0,15	0,05	0,16	0,14	0,20	0,35	0,23	0,15
1983	0,06	0,18	0,21	0,06	0,17	0,16	0,08	0,14	0,10	0,10	0,08	0,14	0,11	0,12	0,45	0,23	0,15
1984	0,05	0,23	0,31	0,06	0,25	0,29	0,11	0,25	0,19	0,12	0,09	0,21	0,23	0,24	0,69	0,54	0,18
1985	0,07	0,14	0,14	0,00	0,11	0,09	0,00	0,05	0,04	0,08	0,05	0,05	0,14	0,04	0,31	0,11	0,10
1986	0,11	0,15	0,26	0,12	0,26	0,16	0,21	0,21	0,12	0,15	0,09	0,14	0,20	0,19	0,42	0,32	0,17
1987	0,01	0,04	0,14	0,04	0,14	0,13	0,23	0,19	0,08	0,04	0,05	0,10	0,11	0,03	0,29	0,20	0,14
1988	0,09	0,21	0,25	0,11	0,22	0,20	0,16	0,15	0,15	0,15	0,08	0,16	0,21	0,16	0,52	0,27	0,19
1989	0,00	0,00	0,05	0,02	0,00	0,00	0,00	0,00	0,00	0,00	0,03	0,00	0,03	0,00	0,04	0,14	0,00
1990	0,06	0,24	0,34	0,11	0,29	0,23	0,18	0,23	0,24	0,09	0,10	0,19	0,19	0,23	0,46	0,33	0,31
1991	0,13	0,20	0,27	0,09	0,25	0,22	0,30	0,24	0,23	0,15	0,12	0,22	0,27	0,22	0,55	0,47	0,20
1992	0,06	0,10	0,17	0,10	0,16	0,13	0,21	0,16	0,14	0,18	0,08	0,08	0,13	0,10	0,38	0,35	0,15
1993	0,00	0,04	0,12	0,04	0,11	0,12	0,00	0,11	0,06	0,17	0,03	0,06	0,07	0,10	0,29	0,29	0,06
1994	0,11	0,20	0,27	0,11	0,23	0,21	0,06	0,19	0,24	0,06	0,09	0,14	0,16	0,21	0,49	0,39	0,21
1995	0,03	0,08	0,13	0,06	0,13	0,15	0,09	0,09	0,10	0,06	0,03	0,10	0,07	0,09	0,33	0,14	0,10
1996	0,10	0,14	0,27	0,06	0,14	0,24	0,18	0,14	0,17	0,16	0,11	0,13	0,11	0,16	0,49	0,24	0,15
1997	0,03	0,07	0,12	0,03	0,14	0,23	0,03	0,13	0,20	0,04	0,06	0,09	0,10	0,12	0,39	0,22	0,12
1998	0,13	0,22	0,23	0,11	0,19	0,20	0,09	0,18	0,19	0,08	0,11	0,16	0,10	0,15	0,47	0,27	0,15
1999	0,08	0,04	0,14	0,00	0,12	0,07	0,08	0,08	0,06	0,04	0,05	0,06	0,05	0,00	0,19	0,10	0,12
2000	0,05	0,07	0,12	0,04	0,08	0,09	0,07	0,07	0,07	0,10	0,04	0,09	0,04	0,08	0,18	0,11	0,11
2001	0,13	0,22	0,23	0,11	0,21	0,20	0,19	0,17	0,19	0,23	0,13	0,16	0,11	0,21	0,38	0,28	0,24
2002	0,15	0,14	0,27	0,10	0,25	0,17	0,13	0,11	0,13	0,18	0,08	0,22	0,11	0,16	0,45	0,21	0,24
2003	0,13	0,14	0,20	0,06	0,23	0,17	0,13	0,14	0,24	0,15	0,07	0,21	0,07	0,09	0,33	0,27	0,19
2004	0,01	0,16	0,25	0,07	0,17	0,14	0,14	0,15	0,26	0,23	0,09	0,16	0,06	0,07	0,30	0,29	0,17
2005	0,05	0,11	0,11	0,03	0,12	0,08	0,10	0,14	0,16	0,18	0,06	0,07	0,04	0,06	0,16	0,16	0,16
2006	0,07	0,13	0,20	0,07	0,13	0,09	0,11	0,12	0,09	0,11	0,13	0,08	0,09	0,11	0,21	0,16	0,20
2007	0,06	0,10	0,17	0,02	0,11	0,13	0,08	0,12	0,17	0,10	0,07	0,03	0,09	0,06	0,21	0,13	0,18
2008	0,13	0,09	0,18	0,06	0,12	0,15	0,14	0,13	0,14	0,12	0,09	0,11	0,10	0,14	0,31	0,13	0,15
2009	0,11	0,11	0,29	0,07	0,18	0,14	0,32	0,19	0,16	0,16	0,11	0,14	0,09	0,10	0,38	0,21	0,19
2010	0,12	0,09	0,19	0,08	0,12	0,11	0,21	0,11	0,13	0,14	0,09	0,09	0,08	0,09	0,20	0,15	0,15
2011	0,10	0,09	0,17	0,03	0,10	0,08	0,05	0,10	0,13	0,12	0,08	0,03	0,04	0,03	0,25	0,12	0,08
2012	0,20	0,12	0,27	0,11	0,15	0,21	0,29	0,22	0,25	0,16	0,11	0,15	0,07	0,14	0,36	0,30	0,23
2013	0,16	0,08	0,23	0,03	0,14	0,19	0,22	0,24	0,21	0,11	0,11	0,11	0,08	0,13	0,26	0,21	0,16
2014	0,16	0,15	0,24	0,06	0,13	0,18	0,20	0,20	0,24	0,09	0,10	0,13	0,07	0,12	0,25	0,20	0,19
2015	0,17	0,14	0,16	0,05	0,25	0,11	0,11	0,18	0,15	0,12	0,08	0,09	0,07	0,08	0,22	0,19	0,16
2016	0,11	0,17	0,20	0,04	0,41	0,14	0,21	0,25	0,16	0,11	0,07	0,11	0,05	0,05	0,23	0,19	0,18
2017	0,10	0,21	0,16	0,03	0,30	0,10	0,13	0,20	0,17	0,09	0,08	0,06	0,04	0,03	0,20	0,18	0,15
2018	0,15	0,25	0,22	0,11	0,46	0,16	0,33	0,27	0,24	0,17	0,11	0,17	0,12	0,16	0,32	0,33	0,21
2019	0,20	0,37	0,20	0,11	0,32	0,18	0,37	0,33	0,29	0,16	0,15	0,18	0,09	0,13	0,46	0,40	0,24
2020	0,15	0,22	0,15	0,03	0,20	0,21	0,13	0,13	0,15	0,10	0,08	0,08	0,03	0,04	0,25	0,25	0,14
2021	0,15	0,25	0,19	0,02	0,18	0,21	0,17	0,25	0,19	0,11	0,09	0,14	0,04	0,08	0,36	0,39	0,20
2022	0,15	0,25	0,17	0,03	0,11	0,29	0,22	0,16	0,22	0,09	0,11	0,11	0,03	0,04	0,32	0,16	0,17
2023	0,08	0,17	0,12	0,06	0,07	0,14	0,06	0,05	0,12	0,06	0,05	0,07	0,03	0,03	0,24	0,07	0,09
