Year	MONCHO01	MONCHO02	MONCHO03	MONCHO04	MONCHO05	MONCHO06	MONCHO07	MONCHO08	MONCHO11	MONCHO12	MONCHO13	MONCHO14	MONCHO16	MONCHO17	MONCHO19	MONCHO20	MONCHO24	MONCHO26	MONCHO31	MONCHO40
1509					0,28															
1510					0,21															
1511					0,07															
1512				0,14	0,10															
1513				0,23	0,27															
1514				0,22	0,23															
1515				0,19	0,26															
1516				0,14	0,26															
1517				0,21	0,24															
1518				0,20	0,26															
1519			0,36	0,20	0,31															
1520			0,34	0,19	0,20															
1521			0,24	0,08	0,05															
1522			0,29	0,11	0,12															
1523			0,20	0,10	0,08															
1524			0,18	0,17	0,19															
1525			0,19	0,23	0,26															
1526			0,16	0,36	0,19															
1527			0,20	0,56	0,24															
1528			0,11	0,32	0,14															
1529			0,11	0,17	0,00															
1530			0,12	0,08	0,10															
1531			0,17	0,13	0,10															
1532			0,31	0,19	0,14															
1533			0,26	0,21	0,21															
1534			0,19	0,11	0,20															
1535			0,29	0,15	0,14															
1536			0,46	0,17	0,11															
1537			0,41	0,13	0,16															
1538			0,34	0,14	0,09															
1539			0,44	0,13	0,12															
1540			0,29	0,15	0,10															
1541			0,06	0,05	0,08															
1542			0,06	0,00	0,03															
1543			0,08	0,07	0,07															
1544			0,14	0,09	0,14															
1545			0,15	0,07	0,07															
1546			0,13	0,09	0,07															
1547			0,26	0,16	0,20															
1548			0,36	0,13	0,12								0,14							
1549			0,39	0,15	0,13								0,23							
1550			0,35	0,15	0,10								0,26							
1551			0,29	0,12	0,06								0,19							
1552			0,41	0,29	0,15								0,27							
1553			0,27	0,21	0,10								0,16							
1554			0,23	0,14	0,08								0,15							
1555			0,29	0,25	0,20								0,23							
1556			0,21	0,15	0,12								0,19							
1557			0,03	0,03	0,00								0,06							
1558			0,25	0,22	0,21								0,24							
1559			0,18	0,16	0,08								0,15							
1560			0,24	0,14	0,08								0,14							
1561			0,34	0,23	0,13								0,26							
1562			0,30	0,21	0,07								0,18							
1563			0,42	0,36	0,16								0,29							
1564			0,46	0,26	0,07								0,20							
1565			0,42	0,27	0,09								0,18							
1566			0,34	0,17	0,06								0,12							
1567			0,57	0,24	0,08								0,17							
1568			0,87	0,42	0,15								0,43							
1569			0,72	0,27	0,10								0,32							
1570			0,47	0,31	0,07								0,18							
1571			0,51	0,18	0,09								0,19							
1572			0,05	0,12	0,05								0,06							
1573			0,34	0,33	0,14								0,32							
1574			0,22	0,25	0,09								0,23							
1575			0,36	0,70	0,31								0,44							
1576			0,12	0,35	0,07								0,09							
1577			0,21	0,34	0,12								0,18							
1578			0,16	0,30	0,09								0,16							
1579			0,32	0,33	0,14								0,27							
1580			0,07	0,03	0,00								0,02							
1581			0,22	0,23	0,11								0,21							
1582			0,17	0,25	0,09								0,13							
1583			0,13	0,23	0,04								0,12							
1584			0,22	0,33	0,12								0,21							
1585			0,08	0,18	0,03								0,04	0,01						
1586			0,20	0,27	0,14								0,18	0,10						
1587			0,15	0,24	0,07								0,16	0,10						
1588			0,23	0,29	0,13							0,15	0,21	0,12						
1589			0,10	0,18	0,05							0,05	0,07	0,05						
1590			0,21	0,29	0,09							0,11	0,16	0,10						
1591			0,22	0,33	0,15							0,09	0,22	0,14						
1592			0,22	0,29	0,15							0,12	0,25	0,13						
1593			0,22	0,30	0,10							0,13	0,21	0,12						
1594			0,19	0,23	0,07							0,09	0,16	0,09						
1595			0,39	0,38	0,12							0,13	0,21	0,16						
1596			0,35	0,36	0,10							0,12	0,16	0,14						
1597			0,17	0,24	0,03							0,06	0,07	0,06						
1598			0,34	0,38	0,14							0,10	0,21	0,12						
1599			0,24	0,29	0,10							0,11	0,12	0,10						
1600			0,27	0,28	0,12							0,11	0,16	0,15						
1601			0,22	0,21	0,05							0,07	0,09	0,09						
1602			0,21	0,22	0,10							0,09	0,12	0,10						
1603			0,28	0,29	0,11							0,10	0,17	0,18						
1604			0,27	0,28	0,12							0,11	0,11	0,16						
1605			0,23	0,08	0,01							0,05	0,04	0,04						
1606			0,39	0,24	0,14							0,16	0,13	0,17						
1607			0,31	0,22	0,07							0,08	0,11	0,13						
1608			0,35	0,23	0,08							0,12	0,08	0,15						
1609			0,22	0,18	0,05							0,07	0,06	0,07	0,14					
1610			0,27	0,22	0,15							0,11	0,08	0,19	0,52					
1611			0,17	0,16	0,11							0,07	0,04	0,06	0,57					
1612			0,31	0,26	0,13							0,05	0,06	0,10	0,80					
1613			0,33	0,26	0,17							0,10	0,08	0,12	0,74					
1614			0,15	0,14	0,05							0,10	0,04	0,07	0,40					
1615			0,26	0,14	0,11							0,15	0,07	0,12	0,51					
1616			0,16	0,14	0,08							0,13	0,07	0,08	0,34					
1617			0,13	0,10	0,04							0,14	0,05	0,06	0,48					
1618			0,15	0,11	0,10							0,10	0,04	0,06	0,35					
1619			0,09	0,07	0,04							0,08	0,02	0,03	0,30					
1620			0,06	0,05	0,03							0,03	0,03	0,01	0,07					
1621			0,19	0,16	0,15							0,15	0,10	0,12	0,25					
1622			0,14	0,09	0,05							0,07	0,05	0,03	0,16					
1623			0,27	0,16	0,12							0,14	0,08	0,09	0,23					
1624			0,39	0,16	0,10							0,15	0,07	0,07	0,27					
1625			0,32	0,14	0,12							0,16	0,07	0,08	0,36					
1626			0,26	0,16	0,10							0,15	0,10	0,08	0,33					
1627			0,16	0,10	0,04							0,13	0,05	0,04	0,19					
1628			0,12	0,06	0,04							0,05	0,05	0,04	0,14					
1629			0,28	0,11	0,06							0,11	0,04	0,05	0,20					
1630			0,44	0,17	0,12							0,14	0,09	0,08	0,30					
1631			0,33	0,16	0,08							0,16	0,09	0,07	0,36					
1632			0,17	0,10	0,02							0,08	0,05	0,01	0,18					
1633			0,22	0,12	0,03							0,12	0,09	0,05	0,22					
1634			0,13	0,08	0,06							0,15	0,05	0,02	0,16					
1635			0,18	0,11	0,03							0,13	0,05	0,03	0,13					
1636			0,23	0,14	0,03							0,11	0,06	0,03	0,14					
1637			0,21	0,11	0,03							0,10	0,05	0,03	0,12					
1638			0,44	0,17	0,05							0,14	0,09	0,05	0,24					
1639			0,38	0,14	0,11							0,07	0,11	0,05	0,29					
1640			0,34	0,14	0,07							0,12	0,16	0,05	0,32					
1641			0,21	0,10	0,10							0,12	0,12	0,03	0,20					
1642			0,04	0,02	0,06							0,02	0,02	0,05	0,06					
1643			0,04	0,02	0,01							0,01	0,01	0,05	0,06					
1644			0,20	0,13	0,12							0,08	0,06	0,04	0,23					
1645			0,02	0,00	0,01							0,04	0,01	0,01	0,04					
1646			0,17	0,15	0,08							0,07	0,09	0,02	0,18					
1647			0,20	0,12	0,10							0,13	0,13	0,05	0,19					
1648			0,15	0,08	0,05							0,10	0,11	0,03	0,16					
1649			0,26	0,13	0,11							0,09	0,13	0,02	0,18					
1650			0,22	0,10	0,09							0,11	0,06	0,05	0,16					
1651			0,23	0,07	0,04							0,11	0,07	0,03	0,13					
1652			0,14	0,08	0,07							0,14	0,08	0,01	0,14					
1653			0,16	0,13	0,09							0,09	0,14	0,01	0,17					
1654			0,28	0,13	0,10							0,15	0,19	0,05	0,20					
1655			0,29	0,14	0,11							0,27	0,22	0,07	0,52					
1656			0,14	0,08	0,06							0,28	0,11	0,03	0,24					
1657			0,18	0,18	0,10							0,35	0,17	0,08	0,33					
1658			0,22	0,20	0,12							0,52	0,18	0,05	0,33					
1659			0,20	0,12	0,11							0,38	0,13	0,05	0,27					
1660			0,17	0,12	0,10							0,36	0,15	0,03	0,30					
1661			0,04	0,04	0,01							0,24	0,05	0,01	0,10					
1662			0,09	0,03	0,05							0,21	0,12	0,04	0,21					
1663			0,18	0,15	0,12							0,35	0,13	0,06	0,29					
1664			0,28	0,18	0,16							0,53	0,19	0,14	0,47					
1665			0,15	0,12	0,07							0,37	0,16	0,09	0,47					
1666	0,53		0,15	0,11	0,09							0,48	0,13	0,08	0,34					
1667	0,61		0,19	0,15	0,11							0,45	0,21	0,07	0,44					
1668	0,54		0,12	0,09	0,04							0,34	0,17	0,05	0,26					
1669	0,49		0,11	0,09	0,08							0,33	0,14	0,05	0,21					
1670	0,63		0,16	0,12	0,13							0,40	0,21	0,08	0,39					
1671	0,45		0,15	0,10	0,04							0,31	0,14	0,08	0,25					
1672	0,81		0,26	0,15	0,15							0,40	0,26	0,14	0,41					
1673	0,67		3,10	0,15	0,16							0,45	0,23	0,08	0,32					
1674	0,76		0,24	0,15	0,13							0,46	0,29	0,11	0,27					
1675	0,17		0,02	0,04	0,03							0,12	0,03	0,05	0,14					
1676	0,23		0,13	0,12	0,08							0,14	0,11	0,10	0,31					
1677	0,59		0,20	0,20	0,20							0,39	0,20	0,06	0,23					
1678	0,47		0,21	0,14	0,12							0,37	0,18	0,02	0,13					
1679	0,39		0,19	0,09	0,07							0,28	0,15	0,06	0,05					
1680	0,20		0,14	0,02	0,00							0,07	0,00	0,02	0,01					
1681	0,53		0,21	0,06	0,04							0,15	0,11	0,13	0,16					
1682	0,59		0,24	0,18	0,18							0,31	0,23	0,20	0,18					
1683	0,45		0,28	0,11	0,10							0,31	0,15	0,02	0,16					
1684	0,02		0,01	0,15	0,07							0,40	0,15	0,14	0,13					
1685	0,35		0,15	0,08	0,07							0,31	0,14	0,09	0,14					
1686	0,37		0,20	0,13	0,13							0,32	0,15	0,07	0,17					
1687	0,22		0,13	0,10	0,12							0,20	0,11	0,09	0,09					
1688	0,33		0,18	0,07	0,09							0,23	0,08	0,07	0,11					
1689	0,69		0,24	0,09	0,19							0,53	0,09	0,04	0,15					
1690	0,17		0,04	0,02	0,03							0,19	0,03	0,01	0,03					
1691	0,46		0,19	0,09	0,12		0,28					0,43	0,11	0,09	0,11					
1692	0,32		0,12	0,06	0,01		0,43					0,25	0,09	0,01	0,09					
1693	1,03		0,35	0,16	0,07		0,21					0,73	0,30	0,10	0,23					
1694	0,45		0,27	0,05	0,20		0,91					0,47	0,20	0,04	0,16					
1695	0,11		0,02	0,01	0,01		0,52					0,01	0,03	0,01	0,10					
1696	0,01		0,01	0,01	0,06		0,10					0,10	0,02	0,12	0,28					
1697	0,28		0,25	0,17	0,11		0,34					0,33	0,22	0,10	0,04					
1698	0,09		0,03	0,02	0,01		0,08					0,07	0,03	0,02	0,02					
1699	0,29		0,20	0,11	0,10		0,21					0,25	0,18	0,13	0,14					
1700	0,50		0,16	0,06	0,07		0,23					0,20	0,16	0,08	0,16					
1701	0,67		0,21	0,10	0,13		0,26					0,25	0,27	0,07	0,18					
1702	0,46		0,19	0,09	0,09		0,36					0,23	0,35	0,10	0,21					
1703	0,40		0,19	0,11	0,07		0,38					0,32	0,25	0,12	0,23					
1704	0,37		0,22	0,13	0,08		0,34					0,35	0,33	0,10	0,21					
1705	0,29		0,15	0,10	0,06		0,17					0,17	0,20	0,10	0,13					
1706	0,16		0,15	0,09	0,05		0,15					0,18	0,21	0,06	0,14					
1707	0,31		0,26	0,14	0,12		0,27					0,31	0,33	0,08	0,16					
1708	0,32		0,18	0,08	0,08		0,14	0,57				0,30	0,26	0,12	0,14					
1709	0,31		0,10	0,07	0,07		0,17	0,23				0,27	0,18	0,07	0,09					
1710	0,41		0,20	0,13	0,09		0,20	0,34				0,47	0,26	0,07	0,20					
1711	0,17		0,05	0,05	0,01		0,12	0,14				0,17	0,11	0,09	0,07					
1712	0,32		0,16	0,10	0,08		0,19	0,13				0,35	0,16	0,12	0,15					
1713	0,46		0,23	0,15	0,11		0,23	0,23				0,35	0,13	0,07	0,15					
1714	0,47		0,24	0,16	0,13		0,28	0,38				0,35	0,14	0,07	0,11					
1715	0,43		0,18	0,14	0,08		0,23	0,29				0,40	0,14	0,06	0,10					
1716	0,72		0,36	0,24	0,24		0,25	0,54				0,58	0,26	0,12	0,19					
1717	0,33		0,10	0,08	0,04		0,10	0,26				0,25	0,09	0,05	0,08			0,17		
1718	0,42		0,17	0,12	0,05		0,16	0,29				0,32	0,15	0,07	0,09			0,17		
1719	0,38		0,19	0,13	0,11		0,14	0,35				0,31	0,17	0,05	0,12			0,15		
1720	0,68		0,30	0,19	0,19		0,29	0,47				0,37	0,26	0,09	0,14			0,17		
1721	0,75		0,20	0,19	0,16		0,32	0,39				0,30	0,23	0,09	0,14			0,20		
1722	0,67		0,24	0,14	0,10		0,32	0,42				0,30	0,19	0,06	0,14			0,15		
1723	0,91		0,38	0,28	0,28		0,44	0,62				0,40	0,33	0,15	0,22			0,23		
1724	0,45		0,13	0,07	0,11		0,14	0,25				0,19	0,14	0,06	0,08			0,11		
1725	0,41		0,18	0,09	0,07		0,13	0,18				0,13	0,15	0,07	0,09			0,10		
1726	0,61		0,31	0,20	0,14		0,19	0,47				0,22	0,26	0,12	0,13			0,16		
1727	0,49		0,25	0,17	0,13		0,23	0,52				0,20	0,21	0,10	0,13			0,16		
1728	0,56		0,33	0,19	0,20		0,34	0,78				0,41	0,28	0,14	0,21			0,27		
1729	0,34		0,21	0,04	0,06		0,14	0,29				0,20	0,18	0,03	0,13			0,07		
1730	0,17		0,05	0,03	0,00		0,04	0,14				0,05	0,04	0,01	0,06			0,07		
1731	0,37		0,19	0,17	0,07		0,24	0,36				0,33	0,22	0,12	0,25			0,14		
1732	0,58		0,39	0,29	0,20		0,36	0,68				0,49	0,45	0,18	0,25			0,15		
1733	0,53		0,20	0,16	0,13		0,17	0,33				0,31	0,27	0,09	0,17			0,08		
1734	0,65		0,28	0,22	0,16		0,19	0,35				0,30	0,31	0,14	0,22			0,07		
1735	0,37		0,16	0,15	0,13		0,12	0,19				0,21	0,22	0,09	0,09			0,06		
1736	0,57		0,27	0,31	0,22		0,23	0,26				0,35	0,35	0,14	0,16			0,06		
1737	0,36		0,21	0,21	0,08		0,24	0,15	0,62			0,16	0,24	0,09	0,12			0,04		
1738	0,51		0,25	0,23	0,10		0,20	0,14	0,67			0,16	0,22	0,08	0,10			0,07		
1739	0,76		0,34	0,29	0,20		0,36	0,35	0,79			0,29	0,34	0,11	0,18			0,12		
1740	0,28		0,09	0,12	0,06		0,09	0,10	0,19			0,08	0,11	0,01	0,04			0,05		
1741	0,43		0,12	0,18	0,07		0,10	0,19	0,33			0,11	0,11	0,05	0,08			0,12		
1742	0,47		0,16	0,16	0,08		0,17	0,36	0,42			0,18	0,13	0,05	0,15			0,13		
1743	0,47		0,17	0,11	0,06		0,12	0,27	0,31			0,14	0,13	0,07	0,11			0,10		
1744	0,36		0,18	0,16	0,05		0,14	0,15	0,39			0,10	0,09	0,04	0,08			0,12		
1745	0,54		0,28	0,23	0,20		0,29	0,35	0,38			0,19	0,21	0,10	0,12			0,29		
1746	0,50		0,18	0,19	0,11		0,20	0,22	0,34			0,18	0,09	0,08	0,10			0,16		
1747	0,41		0,18	0,18	0,12		0,21	0,18	0,34			0,20	0,10	0,05	0,09			0,13		
1748	0,61		0,19	0,30	0,16		0,30	0,41	0,47			0,24	0,16	0,10	0,15			0,20		
1749	0,85		0,31	0,62	0,23		0,53	0,81	0,69			0,32	0,20	0,13	0,20			0,21		
1750	0,57		0,31	0,75	0,16		0,60	0,67	1,11			0,31	0,29	0,14	0,20			0,13		0,54
1751	0,36		0,16	0,35	0,08		0,28	0,38	0,72			0,16	0,13	0,06	0,09			0,13		0,26
1752	0,59		0,32	0,29	0,12		0,23	0,50	1,02		0,40	0,19	0,20	0,11	0,14			0,19		0,22
1753	0,47		0,15	0,38	0,10		0,15	0,26	0,44		0,38	0,16	0,15	0,04	0,09			0,11		0,17
1754	0,18		0,17	0,28	0,11		0,26	0,28	0,29		0,19	0,16	0,13	0,09	0,09			0,09		0,14
1755	0,36		0,30	0,65	0,17		0,64	0,58	0,45		0,15	0,27	0,16	0,17	0,19	0,60		0,16		0,34
1756	0,27		0,22	0,42	0,13		0,50	0,38	0,55		0,30	0,29	0,16	0,17	0,16	0,45		0,18		0,18
1757	0,53		0,39	0,72	0,25		0,73	0,66	0,77		0,47	0,43	0,32	0,29	0,29	0,43		0,28		0,21
1758	0,40		0,30	0,66	0,19		0,58	0,52	0,61		0,62	0,35	0,25	0,23	0,24	0,36		0,22		0,18
1759	0,34		0,32	0,49	0,13		0,46	0,45	0,61		0,63	0,24	0,22	0,19	0,20	0,42		0,12		0,19
1760	0,34		0,30	0,43	0,11		0,32	0,40	0,60		0,58	0,17	0,18	0,13	0,13	0,26	0,53	0,11		0,16
1761	0,35		0,17	0,30	0,10		0,09	0,21	0,24		0,54	0,11	0,15	0,06	0,10	0,22	0,32	0,08		0,10
1762	0,14		0,03	0,11	0,00		0,00	0,06	0,18		0,19	0,01	0,02	0,01	0,01	0,02	0,10	0,05		0,02
1763	0,40		0,34	0,42	0,25		0,26	0,43	0,56		0,38	0,24	0,31	0,17	0,18	0,16	0,48	0,18		0,22
1764	0,26		0,23	0,38	0,14		0,23	0,42	0,48		0,34	0,11	0,20	0,11	0,12	0,32	0,39	0,14		0,19
1765	0,26		0,27	0,60	0,19		0,25	0,61	0,45		0,33	0,16	0,28	0,12	0,15	0,39	0,40	0,18		0,21
1766	0,24		0,25	0,63	0,18		0,24	0,64	0,45		0,30	0,19	0,26	0,14	0,16	0,36	0,37	0,16		0,20
1767	0,27		0,22	0,46	0,11		0,18	0,47	0,35		0,22	0,16	0,17	0,12	0,12	0,46	0,41	0,10		0,25
1768	0,23		0,20	0,37	0,09		0,18	0,41	0,33		0,14	0,13	0,14	0,11	0,12	0,39	0,35	0,07		0,24
1769	0,26		0,17	0,33	0,09		0,15	0,40	0,21		0,18	0,08	0,09	0,12	0,08	0,23	0,39	0,06		0,12
1770	0,12		0,08	0,20	0,03		0,07	0,22	0,11		0,10	0,06	0,07	0,04	0,09	0,24	0,29	0,05		0,05
1771	0,34		0,22	0,47	0,16		0,19	0,45	0,42		0,30	0,15	0,22	0,14	0,18	0,33	0,64	0,10		0,15
1772	0,29		0,14	0,32	0,09		0,12	0,31	0,27		0,39	0,10	0,14	0,12	0,09	0,20	0,50	0,06		0,06
1773	0,32		0,19	0,40	0,13		0,12	0,40	0,35		0,51	0,18	0,15	0,12	0,11	0,17	0,56	0,07		0,11
1774	0,38		0,25	0,47	0,16		0,14	0,37	0,35		0,51	0,14	0,18	0,15	0,12	0,17	0,61	0,10		0,12
1775	0,40		0,24	0,43	0,19		0,17	0,33	0,31		0,43	0,16	0,22	0,15	0,16	0,24	0,52	0,08		0,11
1776	0,29		0,11	0,23	0,12		0,10	0,21	0,29		0,23	0,13	0,14	0,07	0,06	0,16	0,44	0,07		0,02
1777	0,38		0,20	0,37	0,16		0,15	0,29	0,30		0,27	0,16	0,20	0,10	0,12	0,28	0,55	0,11		0,08
1778	0,41		0,23	0,49	0,16		0,21	0,44	0,41		0,34	0,16	0,30	0,14	0,18	0,36	0,63	0,14		0,12
1779	0,13		0,07	0,21	0,05		0,06	0,13	0,14		0,07	0,05	0,08	0,04	0,06	0,20	0,19	0,06		0,12
1780	0,13		0,07	0,22	0,04		0,05	0,13	0,16		0,06	0,04	0,07	0,03	0,07	0,16	0,19	0,03		0,01
1781	0,17		0,23	0,58	0,15		0,17	0,33	0,43		0,21	0,14	0,22	0,11	0,15	0,30	0,36	0,07		0,10
1782	0,27		0,21	0,45	0,14		0,13	0,32	0,41		0,23	0,16	0,20	0,14	0,16	0,29	0,31	0,12		0,11
1783	0,32		0,18	0,43	0,12		0,19	0,28	0,34		0,19	0,17	0,18	0,13	0,13	0,22	0,26	0,14		0,10
1784	0,29		0,19	0,41	0,13		0,17	0,35	0,37		0,21	0,18	0,17	0,16	0,13	0,31	0,29	0,11		0,10
1785	0,30		0,25	0,52	0,20		0,24	0,34	0,36		0,32	0,26	0,24	0,17	0,20	0,26	0,25	0,10		0,11
1786	0,34		0,15	0,40	0,17		0,19	0,27	0,31		0,22	0,22	0,16	0,13	0,14	0,25	0,20	0,11		0,08
1787	0,26		0,14	0,53	0,16		0,21	0,30	0,33		0,24	0,23	0,19	0,13	0,15	0,26	0,24	0,13		0,11
1788	0,32		0,14	0,32	0,14		0,20	0,29	0,27		0,20	0,25	0,18	0,14	0,12	0,28	0,32	0,09		0,11
1789	0,41		0,27	0,68	0,25		0,35	0,56	0,39		0,28	0,34	0,34	0,20	0,16	0,30	0,41	0,13		0,19
1790	0,27		0,10	0,46	0,13		0,17	0,23	0,15		0,07	0,14	0,16	0,09	0,07	0,16	0,24	0,08		0,09
1791	0,25		0,14	0,50	0,18		0,22	0,29	0,25		0,14	0,20	0,23	0,11	0,12	0,32	0,21	0,10		0,10
1792	0,29		0,17	0,57	0,25		0,23	0,33	0,29		0,15	0,22	0,24	0,12	0,13	0,45	0,27	0,09		0,12
1793	0,20		0,10	0,57	0,25		0,26	0,27	0,20		0,13	0,23	0,17	0,10	0,14	0,45	0,21	0,08		0,06
1794	0,17		0,04	0,38	0,09		0,10	0,11	0,08		0,07	0,13	0,06	0,03	0,03	0,15	0,13	0,04		0,02
1795	0,24		0,11	0,38	0,09		0,14	0,10	0,16		0,09	0,15	0,09	0,05	0,07	0,23	0,16	0,06		0,09
1796	0,21		0,08	0,36	0,07		0,15	0,13	0,14		0,12	0,13	0,11	0,04	0,07	0,00	0,13	0,08		0,02
1797	0,23		0,11	0,44	0,13		0,16	0,15	0,21		0,14	0,13	0,15	0,02	0,10	0,20	0,22	0,09		0,09
1798	0,23		0,21	0,56	0,20		0,24	0,20	0,33		0,21	0,19	0,19	0,07	0,14	0,32	0,20	0,09		0,11
1799	0,18		0,20	0,40	0,20		0,22	0,18	0,18		0,23	0,15	0,17	0,12	0,13	0,35	0,21	0,10		0,08
1800	0,12		0,16	0,34	0,13		0,22	0,15	0,22		0,15	0,12	0,10	0,08	0,10	0,35	0,15	0,08	0,24	0,09
1801	0,08		0,03	0,08	0,05		0,07	0,03	0,09		0,05	0,01	0,05	0,01	0,05	0,00	0,08	0,00	0,12	0,00
1802	0,13		0,19	0,28	0,18		0,15	0,13	0,26		0,18	0,15	0,15	0,06	0,09	0,28	0,14	0,10	0,15	0,10
1803	0,12		0,07	0,28	0,11		0,15	0,09	0,13		0,15	0,10	0,10	0,01	0,06	0,00	0,14	0,05	0,22	0,06
1804	0,08		0,07	0,27	0,08		0,16	0,10	0,15		0,08	0,07	0,05	0,02	0,05	0,17	0,12	0,02	0,21	0,04
1805	0,18		0,17	0,34	0,18		0,21	0,13	0,20		0,18	0,16	0,15	0,11	0,12	0,27	0,28	0,06	0,24	0,09
1806	0,16		0,09	0,23	0,09		0,13	0,11	0,16		0,06	0,10	0,06	0,06	0,11	0,23	0,18	0,07	0,17	0,03
1807	0,18		0,14	0,24	0,15		0,14	0,17	0,21		0,08	0,12	0,13	0,06	0,16	0,15	0,27	0,06	0,28	0,07
1808	0,17		0,13	0,19	0,16		0,18	0,29	0,20		0,11	0,13	0,12	0,09	0,20	0,21	0,28	0,07	0,26	0,05
1809	0,20		0,08	0,20	0,12		0,16	0,18	0,22		0,15	0,10	0,09	0,05	0,14	0,24	0,33	0,06	0,21	0,05
1810	0,20		0,14	0,21	0,16		0,14	0,20	0,23		0,15	0,13	0,10	0,07	0,14	0,33	0,30	0,05	0,27	0,04
1811	0,24		0,18	0,28	0,21		0,30	0,25	0,32		0,35	0,22	0,18	0,12	0,27	0,41	0,42	0,10	0,27	0,15
1812	0,14		0,04	0,19	0,07		0,18	0,22	0,10		0,18	0,06	0,03	0,07	0,15	0,33	0,17	0,01	0,17	0,05
1813	0,12		0,02	0,17	0,07		0,15	0,17	0,09		0,11	0,07	0,07	0,09	0,07	0,40	0,14	0,03	0,15	0,04
1814	0,14		0,01	0,18	0,09		0,15	0,19	0,15		0,12	0,03	0,05	0,11	0,03	0,46	0,23	0,06	0,12	0,05
1815	0,14		0,01	0,19	0,09		0,11	0,21	0,18		0,13	0,08	0,07	0,05	0,05	0,20	0,18	0,04	0,14	0,08
1816	0,24		0,05	0,32	0,18		0,21	0,34	0,08		0,24	0,11	0,15	0,03	0,10	0,27	0,41	0,03	0,21	0,13
1817	0,00		0,00	0,00	0,00		0,05	0,00	0,00		0,05	0,00	0,03	0,03	0,00	0,00	0,13	0,00	0,06	0,00
1818	0,05		0,12	0,07	0,03		0,06	0,12	0,07		0,07	0,00	0,03	0,01	0,03	0,21	0,04	0,12	0,08	0,03
1819	0,26		0,01	0,30	0,17		0,30	0,21	0,42		0,36	0,15	0,18	0,08	0,15	0,39	0,31	0,11	0,16	0,16
1820	0,15		0,22	0,20	0,14		0,20	0,19	0,28		0,40	0,16	0,16	0,02	0,09	0,30	0,39	0,08	0,17	0,12
1821	0,15		0,16	0,19	0,19		0,19	0,16	0,18		0,37	0,17	0,18	0,01	0,07	0,19	0,21	0,05	0,23	0,08
1822	0,05		0,13	0,07	0,03		0,10	0,03	0,06		0,13	0,02	0,03	0,01	0,02	0,02	0,15	0,04	0,15	0,02
1823	0,13		0,14	0,18	0,13		0,23	0,14	0,22		0,29	0,12	0,12	0,14	0,11	0,24	0,24	0,06	0,24	0,04
1824	0,10		0,11	0,20	0,13		0,22	0,17	0,19		0,39	0,12	0,15	0,10	0,10	0,32	0,29	0,08	0,28	0,09
1825	0,16		0,15	0,18	0,11		0,22	0,15	0,16		0,28	0,12	0,14	0,07	0,07	0,21	0,23	0,08	0,22	0,09
1826	0,17		0,14	0,23	0,18		0,28	0,21	0,25		0,32	0,21	0,19	0,06	0,09	0,34	0,34	0,13	0,24	0,05
1827	0,07		0,04	0,09	0,05		0,10	0,08	0,03		0,11	0,04	0,03	0,01	0,02	0,16	0,12	0,07	0,11	0,01
1828	0,13		0,10	0,18	0,13		0,20	0,17	0,11		0,22	0,13	0,12	0,05	0,10	0,19	0,31	0,10	0,19	0,09
1829	0,13		0,07	0,15	0,11		0,15	0,15	0,06		0,17	0,11	0,07	0,05	0,07	0,13	0,40	0,10	0,12	0,03
1830	0,12		0,05	0,15	0,15		0,19	0,18	0,07		0,18	0,14	0,06	0,12	0,10	0,16	0,64	0,09	0,14	0,07
1831	0,10		0,05	0,12	0,20		0,19	0,17	0,11		0,20	0,16	0,10	0,09	0,11	0,17	0,60	0,12	0,12	0,06
1832	0,13		0,12	0,12	0,21		0,16	0,11	0,13		0,16	0,20	0,12	0,03	0,09	0,23	0,59	0,18	0,12	0,05
1833	0,20		0,16	0,23	0,21		0,27	0,08	0,19		0,24	0,20	0,18	0,04	0,13	0,30	0,58	0,22	0,17	0,07
1834	0,10		0,13	0,21	0,19		0,21	0,22	0,11		0,20	0,14	0,15	0,05	0,11	0,24	0,49	0,20	0,17	0,06
1835	0,19		0,20	0,27	0,35		0,27	0,32	0,19		0,28	0,22	0,19	0,04	0,16	0,28	0,63	0,22	0,17	0,10
1836	0,21		0,25	0,36	0,36		0,32	0,23	0,30		0,45	0,26	0,22	0,07	0,25	0,28	0,90	0,22	0,22	0,08
1837	0,02		0,00	0,02	0,00		0,02	0,00	0,00		0,00	0,00	0,00	0,05	0,00	0,00	0,13	0,00	0,04	0,00
1838	0,16		0,14	0,27	0,12		0,31	0,25	0,32		0,28	0,20	0,13	0,11	0,16	0,23	0,41	0,11	0,23	0,09
1839	0,16		0,12	0,20	0,18		0,26	0,35	0,28		0,39	0,13	0,14	0,10	0,14	0,19	0,43	0,11	0,17	0,14
1840	0,17		0,13	0,23	0,25		0,25	0,24	0,25		0,36	0,15	0,16	0,06	0,11	0,19	0,53	0,11	0,20	0,12
1841	0,04		0,00	0,09	0,04		0,02	0,00	0,04		0,05	0,03	0,02	0,04	0,01	0,04	0,07	0,00	0,09	0,00
1842	0,16		0,20	0,15	0,20		0,24	0,18	0,35		0,40	0,11	0,14	0,06	0,14	0,19	0,35	0,14	0,22	0,10
1843	0,23		0,19	0,25	0,28		0,23	0,16	0,43		0,47	0,13	0,17	0,10	0,13	0,28	0,53	0,13	0,28	0,09
1844	0,12		0,15	0,10	0,16		0,11	0,13	0,22		0,43	0,05	0,09	0,09	0,03	0,10	0,22	0,10	0,14	0,09
1845	0,17		0,18	0,23	0,22		0,24	0,16	0,29		0,67	0,08	0,15	0,03	0,08	0,15	0,41	0,12	0,27	0,10
1846	0,18	1,03	0,19	0,30	0,26		0,27	0,16	0,42		0,63	0,06	0,14	0,08	0,11	0,15	0,45	0,14	0,22	0,04
1847	0,19	0,82	0,17	0,28	0,24		0,24	0,14	0,26		0,43	0,07	0,17	0,06	0,14	0,11	0,34	0,14	0,15	0,07
1848	0,12	0,74	0,03	0,14	0,11		0,11	0,06	0,13		0,16	0,04	0,09	0,08	0,04	0,05	0,17	0,08	0,15	0,07
1849	0,10	0,63	0,06	0,03	0,03		0,07	0,04	0,12		0,18	0,04	0,06	0,02	0,04	0,03	0,09	0,06	0,12	0,03
1850	0,22	0,79	0,14	0,29	0,17		0,17	0,13	0,34		0,33	0,15	0,18	0,09	0,08	0,14	0,35	0,12	0,25	0,09
1851	0,14	0,70	0,12	0,18	0,14		0,10	0,08	0,27		0,35	0,08	0,13	0,04	0,05	0,08	0,22	0,09	0,20	0,03
1852	0,17	0,81	0,09	0,19	0,19		0,13	0,10	0,35		0,57	0,08	0,14	0,05	0,04	0,09	0,30	0,07	0,29	0,06
1853	0,15	0,83	0,14	0,20	0,18		0,11	0,10	0,32		0,41	0,10	0,15	0,06	0,04	0,13	0,29	0,10	0,18	0,05
1854	0,19	0,85	0,21	0,23	0,18		0,22	0,15	0,51		0,51	0,12	0,20	0,09	0,09	0,17	0,50	0,16	0,27	0,06
1855	0,24	0,87	0,23	0,28	0,27		0,33	0,29	0,54		0,66	0,23	0,23	0,11	0,12	0,22	0,50	0,17	0,32	0,11
1856	0,17	0,48	0,14	0,15	0,16		0,21	0,16	0,35		0,51	0,16	0,11	0,08	0,06	0,14	0,23	0,16	0,24	0,06
1857	0,09	0,33	0,07	0,09	0,08		0,09	0,04	0,16		0,25	0,04	0,05	0,01	0,02	0,02	0,10	0,13	0,18	0,03
1858	0,38	0,86	0,22	0,47	0,35		0,55	0,25	0,83		1,07	0,29	0,22	0,16	0,20	0,19	0,87	0,31	0,68	0,12
1859	0,15	0,69	0,13	0,19	0,18	0,88	0,23	0,15	0,39		0,59	0,12	0,07	0,05	0,08	0,07	0,37	0,19	0,28	0,04
1860	0,28	0,66	0,16	0,26	0,17	0,97	0,35	0,24	0,53		0,73	0,17	0,15	0,12	0,12	0,17	0,48	0,21	0,30	0,09
1861	0,30	0,65	0,19	0,26	0,21	0,90	0,54	0,25	0,61		0,52	0,21	0,19	0,10	0,13	0,22	0,62	0,20	0,41	0,13
1862	0,20	0,31	0,07	0,17	0,14	0,59	0,31	0,09	0,27		0,24	0,12	0,09	0,06	0,06	0,13	0,33	0,11	0,20	0,07
1863	0,07	0,18	0,04	0,03	0,08	0,34	0,11	0,06	0,13		0,11	0,05	0,04	0,01	0,04	0,03	0,18	0,09	0,15	0,02
1864	0,08	0,34	0,06	0,12	0,03	0,47	0,13	0,09	0,15		0,11	0,08	0,06	0,05	0,07	0,10	0,28	0,09	0,16	0,01
1865	0,17	0,30	0,16	0,15	0,18	0,61	0,25	0,14	0,32		0,18	0,08	0,18	0,10	0,10	0,22	0,28	0,09	0,16	0,10
1866	0,21	0,40	0,15	0,20	0,24	0,88	0,32	0,18	0,37		0,26	0,16	0,21	0,14	0,12	0,36	0,50	0,11	0,25	0,12
1867	0,22	0,43	0,15	0,17	0,21	0,71	0,44	0,20	0,29		0,28	0,20	0,23	0,15	0,15	0,57	0,50	0,09	0,21	0,08
1868	0,20	0,32	0,17	0,19	0,22	0,65	0,40	0,22	0,25		0,33	0,18	0,19	0,10	0,09	0,40	0,37	0,08	0,20	0,12
1869	0,23	0,33	0,15	0,19	0,20	0,61	0,41	0,27	0,36		0,35	0,15	0,13	0,14	0,11	0,36	0,44	0,09	0,19	0,10
1870	0,24	0,39	0,16	0,22	0,25	0,86	0,56	0,46	0,51		0,51	0,18	0,15	0,17	0,10	0,44	0,54	0,09	0,27	0,19
1871	0,16	0,28	0,11	0,17	0,20	0,81	0,41	0,21	0,24		0,25	0,10	0,11	0,08	0,08	0,21	0,21	0,09	0,14	0,09
1872	0,17	0,32	0,13	0,18	0,17	0,96	0,38	0,16	0,28		0,21	0,11	0,14	0,06	0,08	0,21	0,26	0,08	0,16	0,05
1873	0,17	0,38	0,16	0,19	0,20	0,82	0,34	0,16	0,24		0,19	0,11	0,32	0,09	0,12	0,23	0,25	0,07	0,15	0,09
1874	0,15	0,32	0,11	0,19	0,17	0,66	0,33	0,13	0,25		0,17	0,10	0,23	0,07	0,12	0,29	0,24	0,10	0,21	0,13
1875	0,10	0,15	0,09	0,14	0,11	0,41	0,14	0,06	0,05		0,07	0,04	0,10	0,02	0,06	0,14	0,13	0,05	0,16	0,05
1876	0,16	0,39	0,17	0,25	0,20	0,62	0,30	0,14	0,27		0,16	0,12	0,20	0,11	0,18	0,23	0,38	0,14	0,25	0,12
1877	0,16	0,34	0,15	0,25	0,26	0,66	0,26	0,10	0,18		0,12	0,10	0,19	0,11	0,14	0,19	0,30	0,08	0,31	0,11
1878	0,21	0,43	0,27	0,38	0,29	0,74	0,41	0,18	0,28		0,22	0,20	0,24	0,15	0,17	0,19	0,44	0,11	0,34	0,12
1879	0,15	0,31	0,19	0,27	0,21	0,70	0,38	0,14	0,17		0,19	0,14	0,13	0,08	0,13	0,19	0,35	0,14	0,20	0,14
1880	0,24	0,35	0,16	0,23	0,17	0,58	0,40	0,12	0,25		0,19	0,21	0,22	0,11	0,16	0,17	0,36	0,14	0,21	0,22
1881	0,15	0,44	0,21	0,37	0,24	0,62	0,38	0,13	0,20		0,25	0,21	0,28	0,17	0,25	0,24	0,44	0,12	0,29	0,20
1882	0,13	0,40	0,19	0,30	0,27	0,69	0,30	0,12	0,21	0,51	0,17	0,08	0,31	0,13	0,17	0,09	0,50	0,15	0,19	0,19
1883	0,15	0,45	0,18	0,29	0,32	0,68	0,40	0,10	0,18	0,43	0,21	0,14	0,25	0,12	0,17	0,20	0,46	0,12	0,24	0,17
1884	0,08	0,45	0,14	0,21	0,15	0,57	0,30	0,08	0,16	0,31	0,12	0,05	0,13	0,08	0,15	0,12	0,40	0,14	0,23	0,12
1885	0,16	0,47	0,24	0,24	0,16	0,53	0,35	0,16	0,25	0,21	0,30	0,13	0,26	0,14	0,18	0,18	0,47	0,15	0,32	0,22
1886	0,11	0,25	0,16	0,17	0,10	0,42	0,13	0,07	0,17	0,17	0,14	0,08	0,11	0,04	0,08	0,14	0,28	0,13	0,28	0,12
1887	0,00	0,24	0,10	0,14	0,02	0,30	0,13	0,07	0,14	0,12	0,10	0,00	0,12	0,04	0,09	0,00	0,14	0,06	0,10	0,08
1888	0,16	0,42	0,28	0,20	0,13	0,37	0,25	0,12	0,28	0,21	0,26	0,10	0,27	0,13	0,16	0,21	0,37	0,17	0,22	0,13
1889	0,20	0,36	0,22	0,22	0,23	0,49	0,18	0,11	0,23	0,32	0,22	0,13	0,31	0,16	0,12	0,21	0,33	0,13	0,20	0,22
1890	0,16	0,49	0,26	0,29	0,30	0,56	0,23	0,15	0,30	0,23	0,24	0,12	0,33	0,17	0,15	0,22	0,33	0,11	0,24	0,28
1891	0,18	0,54	0,27	0,33	0,23	0,78	0,31	0,16	0,37	0,25	0,23	0,12	0,31	0,18	0,13	0,25	0,38	0,16	0,28	0,31
1892	0,07	0,21	0,06	0,17	0,06	0,25	0,14	0,04	0,10	0,11	0,09	0,03	0,10	0,06	0,07	0,13	0,12	0,06	0,12	0,12
1893	0,12	0,24	0,10	0,17	0,10	0,34	0,14	0,05	0,18	0,15	0,09	0,10	0,25	0,06	0,09	0,14	0,18	0,07	0,13	0,14
1894	0,16	0,32	0,16	0,23	0,19	0,50	0,23	0,09	0,25	0,29	0,12	0,09	0,25	0,11	0,12	0,18	0,34	0,10	0,18	0,19
1895	0,19	0,41	0,22	0,26	0,25	0,65	0,36	0,11	0,28	0,49	0,23	0,12	0,29	0,13	0,18	0,29	0,48	0,12	0,21	0,33
1896	0,09	0,19	0,11	0,13	0,13	0,35	0,11	0,02	0,20	0,39	0,11	0,05	0,10	0,06	0,05	0,13	0,31	0,06	0,14	0,25
1897	0,19	0,42	0,24	0,24	0,21	0,50	0,23	0,11	0,30	0,54	0,19	0,10	0,23	0,09	0,11	0,29	0,37	0,06	0,24	0,59
1898	0,21	0,37	0,25	0,17	0,19	0,53	0,24	0,07	0,26	0,80	0,19	0,11	0,23	0,08	0,07	0,24	0,24	0,07	0,19	0,33
1899	0,17	0,27	0,10	0,16	0,15	0,48	0,22	0,07	0,21	0,65	0,18	0,05	0,14	0,07	0,08	0,25	0,19	0,03	0,16	0,23
1900	0,14	0,29	0,13	0,13	0,15	0,44	0,31	0,09	0,27	0,66	0,20	0,08	0,13	0,06	0,06	0,22	0,24	0,08	0,17	0,17
1901	0,24	0,46	0,28	0,21	0,21	0,55	0,38	0,14	0,41	0,86	0,30	0,15	0,26	0,17	0,14	0,31	0,38	0,12	0,33	0,36
1902	0,28	0,54	0,31	0,23	0,25	0,67	0,62	0,15	0,34	1,24	0,36	0,15	0,26	0,19	0,14	0,43	0,59	0,17	0,40	0,48
1903	0,22	0,54	0,27	0,21	0,23	0,46	0,55	0,10	0,26	0,91	0,32	0,14	0,19	0,17	0,10	0,31	0,35	0,17	0,26	0,33
1904	0,17	0,29	0,19	0,12	0,17	0,42	0,30	0,07	0,14	0,41	0,22	0,09	0,11	0,10	0,05	0,23	0,11	0,10	0,17	0,28
1905	0,13	0,20	0,09	0,15	0,13	0,22	0,19	0,06	0,14	0,18	0,13	0,06	0,10	0,05	0,06	0,14	0,19	0,06	0,16	0,14
1906	0,13	0,24	0,14	0,14	0,21	0,32	0,26	0,06	0,21	0,43	0,11	0,09	0,14	0,09	0,08	0,19	0,23	0,06	0,27	0,19
1907	0,16	0,35	0,22	0,23	0,25	0,48	0,35	0,07	0,38	0,68	0,26	0,13	0,22	0,17	0,14	0,16	0,45	0,10	0,30	0,26
1908	0,16	0,30	0,17	0,17	0,17	0,33	0,29	0,08	0,23	0,48	0,22	0,10	0,17	0,10	0,07	0,17	0,31	0,09	0,22	0,26
1909	0,13	0,22	0,20	0,17	0,18	0,34	0,26	0,06	0,17	0,36	0,20	0,08	0,14	0,13	0,06	0,10	0,23	0,08	0,17	0,21
1910	0,15	0,19	0,13	0,17	0,16	0,31	0,24	0,08	0,15	0,35	0,17	0,08	0,08	0,10	0,05	0,15	0,19	0,09	0,20	0,14
1911	0,26	0,30	0,22	0,20	0,21	0,37	0,35	0,12	0,30	0,83	0,21	0,12	0,18	0,18	0,10	0,17	0,48	0,12	0,35	0,19
1912	0,23	0,43	0,28	0,26	0,31	0,40	0,37	0,14	0,31	0,77	0,25	0,19	0,29	0,21	0,15	0,21	0,54	0,09	0,37	0,22
1913	0,22	0,43	0,24	0,20	0,18	0,39	0,27	0,10	0,21	0,67	0,18	0,14	0,19	0,15	0,11	0,21	0,40	0,14	0,26	0,20
1914	0,28	0,55	0,28	0,25	0,32	0,59	0,50	0,13	0,32	0,65	0,29	0,21	0,27	0,23	0,14	0,35	0,63	0,14	0,44	0,23
1915	0,12	0,16	0,05	0,09	0,06	0,10	0,11	0,01	0,10	0,16	0,12	0,03	0,03	0,06	0,03	0,07	0,16	0,08	0,18	0,04
1916	0,16	0,22	0,11	0,10	0,08	0,17	0,12	0,05	0,14	0,21	0,13	0,10	0,12	0,08	0,07	0,14	0,24	0,09	0,19	0,10
1917	0,27	0,35	0,19	0,20	0,19	0,35	0,22	0,10	0,26	0,37	0,22	0,19	0,22	0,16	0,14	0,39	0,43	0,16	0,29	0,11
1918	0,13	0,14	0,13	0,13	0,13	0,24	0,12	0,01	0,15	0,18	0,14	0,08	0,09	0,10	0,07	0,27	0,26	0,07	0,13	0,07
1919	0,13	0,18	0,15	0,16	0,14	0,21	0,16	0,10	0,20	0,33	0,14	0,12	0,14	0,10	0,12	0,20	0,43	0,07	0,15	0,13
1920	0,21	0,27	0,21	0,21	0,21	0,29	0,21	0,10	0,25	0,43	0,22	0,18	0,21	0,18	0,14	0,31	0,51	0,14	0,22	0,13
1921	0,14	0,16	0,10	0,12	0,10	0,26	0,09	0,04	0,17	0,31	0,14	0,10	0,14	0,10	0,09	0,17	0,37	0,02	0,15	0,19
1922	0,18	0,25	0,15	0,17	0,17	0,24	0,16	0,10	0,26	0,34	0,11	0,17	0,15	0,14	0,08	0,32	0,37	0,10	0,18	0,10
1923	0,10	0,14	0,10	0,15	0,10	0,23	0,09	0,03	0,22	0,19	0,14	0,14	0,06	0,08	0,06	0,21	0,23	0,06	0,14	0,09
1924	0,12	0,17	0,12	0,13	0,08	0,15	0,11	0,05	0,21	0,17	0,12	0,13	0,11	0,07	0,09	0,12	0,18	0,03	0,13	0,06
1925	0,15	0,24	0,14	0,15	0,16	0,30	0,17	0,09	0,23	0,31	0,19	0,17	0,16	0,13	0,12	0,18	0,33	0,10	0,23	0,10
1926	0,07	0,13	0,09	0,11	0,09	0,17	0,07	0,02	0,13	0,17	0,10	0,08	0,07	0,06	0,04	0,13	0,23	0,04	0,14	0,06
1927	0,08	0,14	0,10	0,11	0,09	0,16	0,09	0,06	0,13	0,22	0,09	0,09	0,07	0,07	0,06	0,17	0,25	0,04	0,08	0,06
1928	0,10	0,15	0,18	0,13	0,10	0,14	0,13	0,06	0,11	0,13	0,11	0,09	0,11	0,08	0,04	0,19	0,36	0,08	0,08	0,06
1929	0,11	0,10	0,09	0,08	0,09	0,16	0,11	0,03	0,16	0,14	0,08	0,10	0,09	0,07	0,08	0,14	0,29	0,05	0,09	0,06
1930	0,19	0,25	0,24	0,20	0,22	0,30	0,21	0,11	0,33	0,41	0,21	0,22	0,18	0,18	0,12	0,32	0,47	0,10	0,17	0,10
1931	0,13	0,16	0,22	0,13	0,15	0,19	0,14	0,04	0,19	0,38	0,12	0,19	0,12	0,13	0,11	0,44	0,49	0,07	0,13	0,06
1932	0,07	0,16	0,15	0,17	0,13	0,25	0,14	0,08	0,18	0,50	0,11	0,14	0,08	0,13	0,08	0,30	0,56	0,06	0,11	0,06
1933	0,17	0,33	0,33	0,22	0,22	0,53	0,26	0,11	0,31	0,88	0,23	0,29	0,19	0,20	0,16	0,49	0,68	0,11	0,27	0,14
1934	0,13	0,28	0,25	0,18	0,18	0,25	0,14	0,06	0,33	0,53	0,16	0,16	0,12	0,13	0,07	0,26	0,38	0,07	0,17	0,09
1935	0,15	0,45	0,32	0,23	0,19	0,44	0,22	0,10	0,44	0,62	0,24	0,32	0,19	0,17	0,11	0,49	0,38	0,10	0,21	0,12
1936	0,19	0,54	0,27	0,25	0,21	0,58	0,34	0,14	0,36	0,87	0,31	0,30	0,28	0,21	0,17	0,53	0,57	0,10	0,21	0,26
1937	0,11	0,24	0,23	0,15	0,14	0,36	0,22	0,07	0,29	0,61	0,17	0,22	0,18	0,15	0,08	0,46	0,39	0,10	0,16	0,21
1938	0,23	0,26	0,33	0,22	0,20	0,56	0,31	0,12	0,46	0,87	0,33	0,28	0,33	0,23	0,15	0,73	0,56	0,12	0,27	0,34
1939	0,24	0,33	0,31	0,26	0,22	0,50	0,30	0,12	0,43	0,93	0,33	0,34	0,28	0,20	0,14	0,67	0,47	0,18	0,27	0,40
1940	0,37	0,42	0,38	0,29	0,33	0,89	0,38	0,21	0,63	1,96	0,42	0,42	0,36	0,28	0,24	1,07	0,72	0,21	0,41	0,35
1941	0,15	0,14	0,12	0,08	0,11	0,20	0,15	0,04	0,22	0,71	0,14	0,15	0,07	0,13	0,08	0,43	0,15	0,13	0,13	0,12
1942	0,17	0,25	0,28	0,18	0,17	0,46	0,22	0,11	0,31	0,68	0,24	0,25	0,17	0,16	0,15	0,48	0,21	0,13	0,22	0,37
1943	0,13	0,15	0,28	0,17	0,23	0,53	0,18	0,13	0,30	0,59	0,16	0,21	0,11	0,14	0,14	0,30	0,26	0,08	0,27	0,38
1944	0,16	0,24	0,28	0,24	0,26	0,74	0,25	0,18	0,34	0,49	0,20	0,30	0,17	0,17	0,15	0,32	0,33	0,10	0,35	0,35
1945	0,09	0,09	0,19	0,09	0,14	0,22	0,11	0,05	0,09	0,49	0,11	0,24	0,04	0,11	0,09	0,24	0,13	0,07	0,15	0,11
1946	0,12	0,11	0,24	0,12	0,19	0,43	0,15	0,09	0,20	0,29	0,14	0,22	0,12	0,17	0,11	0,31	0,24	0,06	0,14	0,20
1947	0,20	0,26	0,28	0,23	0,33	0,61	0,21	0,14	0,38	0,52	0,26	0,38	0,24	0,19	0,18	0,43	0,51	0,10	0,32	0,29
1948	0,17	0,19	0,23	0,23	0,27	0,43	0,19	0,09	0,22	0,34	0,20	0,35	0,19	0,17	0,17	0,47	0,39	0,10	0,25	0,30
1949	0,17	0,12	0,20	0,15	0,26	0,34	0,10	0,09	0,17	0,31	0,19	0,30	0,12	0,16	0,14	0,30	0,37	0,05	0,18	0,21
1950	0,13	0,11	0,20	0,15	0,18	0,29	0,09	0,08	0,16	0,21	0,17	0,21	0,11	0,09	0,09	0,21	0,33	0,04	0,19	0,19
1951	0,23	0,19	0,36	0,24	0,28	0,47	0,15	0,18	0,30	0,49	0,21	0,31	0,25	0,23	0,18	0,44	0,41	0,12	0,31	0,36
1952	0,20	0,20	0,28	0,22	0,25	0,68	0,13	0,18	0,21	0,43	0,21	0,35	0,17	0,21	0,16	0,46	0,35	0,08	0,25	0,38
1953	0,22	0,27	0,31	0,23	0,22	0,64	0,12	0,14	0,29	0,43	0,16	0,24	0,13	0,15	0,17	0,37	0,36	0,07	0,32	0,21
1954	0,23	0,20	0,18	0,18	0,21	0,44	0,10	0,06	0,21	0,19	0,13	0,18	0,10	0,09	0,13	0,34	0,33	0,07	0,26	0,22
1955	0,21	0,14	0,16	0,16	0,18	0,42	0,11	0,07	0,32	0,26	0,13	0,21	0,15	0,10	0,17	0,33	0,34	0,06	0,31	0,25
1956	0,32	0,31	0,41	0,35	0,32	0,77	0,24	0,20	0,48	0,66	0,27	0,45	0,35	0,25	0,28	0,53	0,62	0,10	0,68	0,52
1957	0,13	0,11	0,20	0,13	0,17	0,22	0,18	0,09	0,40	0,27	0,17	0,17	0,19	0,11	0,14	0,29	0,31	0,08	0,34	0,39
1958	0,28	0,18	0,20	0,19	0,24	0,42	0,24	0,11	0,38	0,30	0,23	0,31	0,21	0,18	0,20	0,34	0,52	0,09	0,42	0,56
1959	0,20	0,17	0,19	0,11	0,20	0,34	0,20	0,10	0,29	0,23	0,13	0,26	0,14	0,17	0,12	0,35	0,40	0,07	0,30	0,41
1960	0,28	0,25	0,35	0,21	0,32	0,48	0,24	0,17	0,54	0,42	0,20	0,41	0,32	0,23	0,23	0,45	0,54	0,10	0,56	0,62
1961	0,37	0,34	0,27	0,24	0,31	0,42	0,22	0,15	0,47	0,49	0,28	0,44	0,29	0,28	0,23	0,47	0,41	0,11	0,44	0,56
1962	0,17	0,09	0,06	0,08	0,08	0,13	0,07	0,05	0,20	0,17	0,06	0,10	0,04	0,03	0,07	0,16	0,14	0,03	0,23	0,23
1963	0,22	0,16	0,18	0,17	0,17	0,23	0,15	0,09	0,29	0,44	0,13	0,24	0,18	0,22	0,18	0,29	0,43	0,07	0,33	0,39
1964	0,23	0,22	0,23	0,19	0,23	0,34	0,17	0,11	0,31	0,40	0,14	0,30	0,24	0,16	0,22	0,41	0,45	0,09	0,36	0,40
1965	0,25	0,15	0,27	0,17	0,25	0,35	0,17	0,11	0,35	0,48	0,17	0,33	0,25	0,17	0,20	0,53	0,39	0,10	0,38	0,56
1966	0,25	0,26	0,25	0,16	0,28	0,39	0,19	0,15	0,34	0,47	0,18	0,28	0,28	0,21	0,21	0,49	0,23	0,11	0,36	0,44
1967	0,31	0,29	0,20	0,19	0,23	0,43	0,21	0,14	0,38	0,42	0,18	0,30	0,27	0,21	0,24	0,46	0,22	0,12	0,39	0,37
1968	0,30	0,27	0,24	0,17	0,22	0,34	0,19	0,12	0,30	0,42	0,18	0,34	0,28	0,19	0,21	0,47	0,28	0,12	0,36	0,37
1969	0,19	0,27	0,21	0,20	0,25	0,31	0,20	0,14	0,24	0,63	0,21	0,35	0,28	0,23	0,24	0,66	0,19	0,13	0,48	0,44
1970	0,24	0,29	0,22	0,17	0,26	0,31	0,21	0,11	0,24	0,41	0,18	0,36	0,29	0,21	0,22	0,77	0,21	0,10	0,47	0,44
1971	0,29	0,29	0,23	0,20	0,24	0,23	0,23	0,12	0,25	0,53	0,19	0,39	0,31	0,24	0,27	0,78	0,28	0,12	0,54	0,25
1972	0,15	0,20	0,11	0,09	0,13	0,15	0,10	0,08	0,17	0,28	0,08	0,15	0,17	0,13	0,14	0,48	0,10	0,14	0,25	0,18
1973	0,23	0,33	0,26	0,18	0,21	0,27	0,23	0,16	0,30	0,51	0,22	0,29	0,28	0,26	0,17	0,71	0,26	0,21	0,44	0,36
1974	0,34	0,46	0,36	0,19	0,28	0,41	0,29	0,19	0,33	0,80	0,31	0,43	0,37	0,35	0,24	0,98	0,45	0,24	0,63	0,52
1975	0,26	0,26	0,25	0,14	0,21	0,22	0,18	0,12	0,17	0,50	0,18	0,20	0,21	0,20	0,13	0,55	0,29	0,17	0,33	0,26
1976	0,32	0,26	0,26	0,17	0,24	0,28	0,17	0,10	0,23	0,54	0,18	0,25	0,23	0,30	0,18	0,51	0,29	0,23	0,48	0,24
1977	0,32	0,31	0,28	0,20	0,26	0,24	0,23	0,17	0,21	0,66	0,22	0,37	0,34	0,36	0,21	0,73	0,42	0,22	0,67	0,31
1978	0,10	0,08	0,06	0,04	0,07	0,06	0,06	0,04	0,06	0,35	0,08	0,10	0,09	0,07	0,06	0,34	0,09	0,08	0,23	0,07
1979	0,10	0,10	0,08	0,07	0,05	0,15	0,05	0,03	0,04	0,29	0,08	0,08	0,06	0,10	0,08	0,33	0,06	0,09	0,25	0,09
1980	0,20	0,18	0,21	0,15	0,18	0,20	0,19	0,12	0,22	0,47	0,13	0,18	0,21	0,15	0,13	0,45	0,25	0,14	0,37	0,17
1981	0,18	0,13	0,17	0,10	0,12	0,14	0,13	0,08	0,10	0,40	0,14	0,20	0,15	0,23	0,16	0,38	0,25	0,09	0,29	0,17
1982	0,20	0,14	0,21	0,16	0,16	0,16	0,17	0,10	0,16	0,37	0,21	0,16	0,20	0,24	0,14	0,46	0,25	0,10	0,32	0,14
1983	0,26	0,28	0,21	0,20	0,23	0,24	0,18	0,12	0,22	0,42	0,08	0,23	0,24	0,35	0,17	0,54	0,29	0,13	0,30	0,20
1984	0,20	0,13	0,09	0,09	0,11	0,15	0,06	0,09	0,10	0,19	0,18	0,09	0,11	0,19	0,09	0,35	0,09	0,10	0,18	0,11
1985	0,30	0,19	0,24	0,18	0,23	0,24	0,24	0,15	0,21	0,26	0,18	0,22	0,26	0,35	0,13	0,44	0,31	0,11	0,37	0,16
1986	0,31	0,25	0,28	0,18	0,23	0,27	0,33	0,15	0,22	0,40	0,14	0,25	0,30	0,36	0,20	0,52	0,43	0,11	0,35	0,18
1987	0,34	0,29	0,23	0,15	0,20	0,24	0,24	0,12	0,15	0,26	0,05	0,18	0,22	0,29	0,17	0,43	0,41	0,13	0,26	0,18
1988	0,22	0,30	0,23	0,17	0,16	0,18	0,21	0,14	0,14	0,28	0,06	0,14	0,18	0,24	0,17	0,37	0,30	0,08	0,21	0,21
1989	0,22	0,21	0,20	0,16	0,14	0,18	0,17	0,13	0,16	0,21	0,09	0,14	0,19	0,26	0,14	0,27	0,22	0,11	0,20	0,21
1990	0,24	0,31	0,19	0,15	0,21	0,13	0,17	0,11	0,17	0,25	0,10	0,13	0,20	0,31	0,15	0,32	0,23	0,10	0,33	0,22
1991	0,18	0,31	0,18	0,17	0,17	0,14	0,13	0,12	0,12	0,29	0,12	0,14	0,20	0,40	0,18	0,23	0,31	0,09	0,36	0,22
1992	0,09	0,16	0,06	0,05	0,09	0,11	0,07	0,07	0,14	0,16	0,05	0,08	0,12	0,21	0,13	0,22	0,06	0,06	0,19	0,18
1993	0,23	0,28	0,16	0,15	0,19	0,18	0,17	0,16	0,17	0,35	0,15	0,18	0,23	0,33	0,17	0,37	0,52	0,10	0,37	0,25
1994	0,20	0,20	0,25	0,14	0,21	0,21	0,15	0,12	0,16	0,34	0,17	0,18	0,22	0,31	0,20	0,32	0,36	0,11	0,28	0,26
1995	0,16	0,20	0,21	0,16	0,21	0,16	0,14	0,14	0,19	0,36	0,20	0,19	0,24	0,36	0,17	0,31	0,19	0,10	0,29	0,24
1996	0,13	0,13	0,12	0,12	0,15	0,12	0,08	0,09	0,11	0,21	0,12	0,14	0,15	0,25	0,13	0,39	0,08	0,06	0,17	0,16
1997	0,21	0,29	0,18	0,19	0,22	0,17	0,17	0,17	0,18	0,38	0,20	0,20	0,24	0,41	0,25	0,48	0,27	0,12	0,32	0,21
1998	0,09	0,08	0,11	0,09	0,14	0,08	0,10	0,07	0,15	0,15	0,10	0,11	0,19	0,17	0,10	0,21	0,06	0,06	0,16	0,17
1999	0,20	0,27	0,18	0,21	0,23	0,17	0,18	0,15	0,25	0,47	0,15	0,21	0,26	0,43	0,25	0,27	0,17	0,12	0,45	0,30
2000	0,10	0,09	0,11	0,11	0,09	0,10	0,06	0,08	0,07	0,22	0,14	0,10	0,15	0,39	0,13	0,19	0,10	0,09	0,25	0,18
2001	0,18	0,22	0,15	0,15	0,20	0,22	0,12	0,17	0,18	0,35	0,14	0,16	0,23	0,45	0,20	0,28	0,17	0,06	0,25	0,22
2002	0,17	0,15	0,11	0,10	0,15	0,13	0,11	0,16	0,10	0,29	0,13	0,08	0,31	0,30	0,14	0,32	0,18	0,08	0,18	0,29
2003	0,19	0,15	0,12	0,08	0,09	0,09	0,12	0,12	0,17	0,23	0,10	0,13	0,20	0,31	0,17	0,26	0,09	0,08	0,21	0,26
2004	0,19	0,21	0,15	0,11	0,20	0,15	0,17	0,13	0,20	0,26	0,17	0,14	0,17	0,28	0,22	0,31	0,16	0,10	0,21	0,31
2005	0,18	0,18	0,19	0,17	0,23	0,22	0,16	0,16	0,20	0,31	0,15	0,16	0,20	0,38	0,21	0,35	0,17	0,10	0,21	0,33
2006	0,20	0,22	0,12	0,17	0,19	0,15	0,14	0,11	0,19	0,25	0,15	0,15	0,14	0,34	0,18	0,26	0,12	0,09	0,19	0,24
2007	0,22	0,24	0,15	0,15	0,19	0,14	0,15	0,14	0,25	0,37	0,15	0,17	0,18	0,42	0,24	0,43	0,18	0,10	0,25	0,29
2008	0,13	0,16	0,11	0,08	0,15	0,04	0,10	0,08	0,12	0,27	0,14	0,12	0,16	0,29	0,13	0,31	0,05	0,08	0,16	0,22
2009	0,12	0,15	0,10	0,08	0,14	0,08	0,13	0,07	0,11	0,22	0,13	0,10	0,12	0,24	0,19	0,31	0,07	0,06	0,18	0,25
2010	0,10	0,10	0,10	0,04	0,11	0,10	0,11	0,02	0,11	0,19	0,09	0,10	0,10	0,25	0,12	0,25	0,03	0,07	0,17	0,17
2011	0,12	0,19	0,10	0,11	0,19	0,13	0,15	0,07	0,16	0,28	0,18	0,15	0,20	0,35	0,20	0,35	0,13	0,08	0,19	0,20
2012	0,10	0,19	0,14	0,10	0,17	0,21	0,12	0,09	0,17	0,27	0,12	0,13	0,19	0,39	0,15	0,28	0,08	0,11	0,20	0,32
2013	0,10	0,16	0,10	0,07	0,14	0,19	0,12	0,06	0,17	0,25	0,18	0,09	0,11	0,40	0,11	0,30	0,06	0,05	0,15	0,25
2014	0,06	0,10	0,07	0,05	0,11	0,13	0,08	0,06	0,11	0,16	0,09	0,06	0,11	0,20	0,10	0,20	0,05	0,05	0,15	0,13
2015	0,07	0,19	0,16	0,11	0,17	0,11	0,12	0,06	0,15	0,30	0,17	0,14	0,22	0,50	0,21	0,29	0,11	0,09	0,18	0,21
2016	0,04	0,11	0,15	0,10	0,15	0,17	0,10	0,06	0,13	0,18	0,15	0,14	0,18	0,24	0,15	0,33	0,09	0,09	0,17	0,15
2017	0,06	0,08	0,09	0,05	0,09	0,20	0,03	0,07	0,10	0,13	0,13	0,06	0,05	0,20	0,05	0,23	0,02	0,03	0,17	0,12
2018	0,07	0,11	0,14	0,10	0,15	0,18	0,11	0,07	0,09	0,23	0,12	0,10	0,18	0,31	0,10	0,41	0,09	0,06	0,21	0,18
2019	0,06	0,19	0,15	0,13	0,18	0,21	0,14		0,09	0,26	0,08	0,17	0,21	0,28	0,19	0,42	0,15	0,10	0,29	0,20
2020	0,08	0,12	0,14	0,05	0,11	0,14	0,07		0,10	0,19	0,07	0,13	0,13	0,21	0,15	0,31	0,10	0,09	0,14	0,19
2021	0,07	0,11	0,20	0,04	0,14	0,18	0,11		0,13	0,17	0,06	0,13	0,21	0,30	0,16	0,35	0,10	0,10	0,17	0,21
