Year	xan02	xan04	xan06	xan08	xan09	xan11	xan12	xan13	xan15	xan19	xan20	xan22	xan23	xan24	xan26	xan27	xan28	xan29	xan30	xan32	xan33	xan34	xan35	xan36	xan38	xan39	xan42	xan43	xan44	xan45	xan49
1687	1,12																														
1688	0,96																														
1689	0,85																														
1690	0,74																														
1691	0,62																														
1692	0,74																														
1693	1,01																														
1694	0,65								0,51																						
1695	1,49								0,34																						
1696	0,43								0,68																						
1697	0,44								0,19																						
1698	0,45								0,22																						
1699	0,37								0,28																						
1700	0,37								0,17																						
1701	0,35								0,22																						
1702	0,30								0,26																						
1703	0,34								0,13																						
1704	0,44								0,04																						
1705	0,80								0,13																						
1706	0,66								0,29																						
1707	0,83								0,26																						
1708	0,42								0,27																						
1709	0,68								0,15																						
1710	0,44								0,31																						
1711	0,64								0,53																						
1712	0,65								0,42																						
1713	0,64								0,21																						
1714	0,48								0,51																						
1715	0,72								0,54																						
1716	0,68								0,57																						
1717	0,94								0,61																						
1718	0,67								0,45																						
1719	1,10								0,73																						
1720	1,08								0,69																						
1721	1,40								1,08																						
1722	1,08								0,71																						
1723	1,16								0,93																						
1724	1,06								0,92																						
1725	0,81								0,93																						
1726	0,81								0,75																						
1727	1,00								1,20																						
1728	0,93								1,03																						
1729	1,27								1,08																						
1730	1,13								1,10																						
1731	1,20								1,04																						
1732	0,59								0,54																						
1733	1,19								0,88																						
1734	0,62								0,83																						
1735	0,91								1,12																						
1736	0,53								0,92																						
1737	0,60								1,02																						
1738	0,45								0,62																						
1739	0,84								0,85																						
1740	1,14								1,16																						
1741	0,86								1,20																						
1742	0,18								0,26																						
1743	1,10								0,97		1,22																				
1744	0,60								0,89		1,17																				
1745	0,24							0,54	0,39		0,60																				
1746	0,14							0,47	0,30		0,96																				
1747	0,43				1,40			0,88	0,81		1,31																				
1748	0,28				1,39			0,88	0,82		1,06																				
1749	0,12				0,84			0,58	0,56		0,63																				
1750	0,09				0,64			0,57	0,57		0,66																				
1751	0,24				0,72			0,64	0,69		0,75																				
1752	0,13				0,63			0,52	0,45		0,76																				
1753	0,33				1,04			0,65	0,57		0,86																				
1754	0,44				1,18			0,68	0,70		0,92																				
1755	0,31				1,08			0,75	0,86		0,92																				
1756	0,59				1,21			0,69	0,79		0,80																				
1757	0,76				1,29			1,14	0,77		0,97																				
1758	0,60				1,11			0,82	0,78		1,10																				
1759	0,35				0,66			0,35	0,66		0,98																				
1760	0,52				0,81			0,37	0,67		0,82																				
1761	0,81				1,46			1,02	1,08		1,41																				
1762	0,98				1,65			1,18	1,19		1,17																				
1763	0,54				1,13			0,66	0,73		0,95																				
1764	0,34				0,98			0,99	0,69		1,26																				
1765	0,22				0,97			0,81	0,46		1,28																				
1766	0,46				1,43			1,03	0,75		1,49																				
1767	0,80				1,57			1,10	0,78		1,27																				
1768	0,44				1,23			0,57	0,40		1,21																				
1769	0,89				1,83			1,00	0,55		1,29																				
1770	0,35				0,97			0,52	0,45		1,02																				
1771	0,76				1,48			0,82	0,68		0,91																				
1772	0,42				1,09			0,64	0,39		0,77																				
1773	0,47				1,11			0,47	0,46		0,61																				
1774	0,52				0,94			0,64	0,46		0,71																				
1775	1,13				1,59			0,86	0,77		1,35																				
1776	0,74				1,34			0,89	0,43	0,67	1,03																				
1777	0,85				1,65			1,11	0,73	0,93	0,64																				
1778	0,78				1,30			0,72	0,56	0,41	0,94																				
1779	0,46				1,49			0,70	0,51	0,41	0,89																				
1780	0,27				1,06			0,62	0,27	0,32	0,78																				
1781	0,48				1,59			1,01	0,68	0,80	1,11																				
1782	0,70				2,06			0,98	0,72	0,84	1,26																				
1783	0,39				0,74			0,42	0,26	0,43	0,47																				
1784	0,84				1,70			0,86	0,43	0,92	1,43																				
1785	0,82				1,60			0,85	0,54	0,67	1,46																				
1786	0,69				1,41			0,55	0,41	0,83	1,13																				
1787	0,65				1,34			0,49	0,59	0,77	1,15																				
1788	0,42				0,81			0,44	0,36	0,65	0,94																				
1789	0,50				1,09			0,60	0,48	0,76	0,92																				
1790	0,64				1,24			0,72	0,59	1,05	0,87																				
1791	0,33				0,84			0,79	0,41	0,87	0,89																				
1792	0,49				1,12			1,02	0,51	0,84	1,08																				
1793	0,84				1,55			1,23	0,88	1,30	1,40																				
1794	1,05				1,65			1,23	0,69	1,28	1,09																				
1795	0,76		0,83		1,21			0,85	0,50	0,64	0,85																				
1796	0,98		0,99		1,45			1,13	0,72	0,82	0,99																				
1797	0,51		0,75		0,80			0,47	0,37	0,66	0,52																				
1798	0,42		0,69		0,67			0,64	0,29	0,65	0,58																				
1799	0,66		0,95		1,02			0,79	0,57	0,82	0,54																				
1800	0,41		0,72		0,62			0,34	0,46	0,65	0,41																				
1801	0,79		1,12		1,10			0,58	0,77	0,70	0,52																				
1802	0,73		0,93		1,09			0,48	0,75	0,78	0,38																				
1803	0,61		0,76		1,13			0,50	0,64	0,79	0,42																				
1804	0,91		1,11		1,56			0,65	0,62	1,05	0,61																				
1805	0,87		1,52		1,50			0,96	0,92	1,76	0,63																				
1806	0,87		1,52		1,76			0,57	0,79	1,71	0,70																				
1807	0,14		0,70		0,34			0,29	0,18	0,62	0,41																				
1808	0,67		0,84		1,60			0,47	0,51	0,67	0,76			1,03																	
1809	0,79		1,09		1,54			0,65	0,67	0,92	0,69			0,97																	
1810	0,55		0,79		0,87			0,59	0,38	0,62	0,62			0,49																	
1811	0,60		0,85		1,01			0,54	0,45	0,52	0,40			0,32																	
1812	0,28	0,41	0,52		0,37			0,39	0,22	0,22	0,20			0,28																	
1813	0,48	0,26	1,08		0,65			0,39	0,28	0,40	0,33			0,39																	
1814	0,51	0,24	1,12		0,93			0,51	0,47	0,67	0,36			0,60																	
1815	0,27	0,37	0,87		0,60			0,35	0,27	0,37	0,26			0,58																	
1816	0,19	0,38	0,87		0,35			0,30	0,13	0,34	0,15			0,55																	
1817	0,44	0,29	1,20		0,89			0,47	0,35	0,82	0,37			0,60																	
1818	0,15	0,39	0,93		0,77			0,26	0,16	0,60	0,26			0,65																	
1819	0,00	0,23	0,36		0,06			0,00	0,03	0,09	0,05			0,27																	
1820	0,25	0,30	0,76		0,74			0,31	0,30	0,37	0,35			0,63																	
1821	0,25	0,36	1,01		0,61			0,00	0,13	0,64	0,27			0,67																	
1822	0,28	0,61	2,03		0,72			0,30	0,02	0,93	0,25			0,81																	
1823	0,24	0,89	1,82		0,96			0,34	0,19	0,91	0,43			1,06																	
1824	0,17	0,73	0,81		0,36			0,30	0,17	0,48	0,25			0,59									0,44								
1825	0,07	0,27	0,18		0,12			0,09	0,06	0,18	0,13			0,22									0,14								
1826	0,23	0,49	0,91		0,53			0,27	0,20	0,61	0,30			0,66									0,47								
1827	0,58	1,02	1,30		0,96			0,46	0,23	1,26	0,49			1,08									0,86								
1828	0,19	0,40	0,71		0,35			0,00	0,03	0,27	0,18			0,42		0,14							0,22								
1829	0,63	1,01	1,90		1,11			0,54	0,38	0,83	0,00			0,81		0,41							0,62								
1830	0,24	0,58	0,91		0,32			0,07	0,04	0,56	0,61			0,69		0,37							0,42								
1831	0,34	1,10	1,38		0,69			0,34	0,10	0,88	0,30			0,99		0,41							0,75								
1832	0,31	0,97	0,98		0,59			0,21	0,15	0,77	0,38			1,04		0,40							0,76								
1833	0,07	0,40	0,19		0,12			0,00	0,02	0,04	0,42			0,12		0,03							0,12								
1834	0,18	0,87	0,72		0,53			0,24	0,15	0,94	0,06			0,55		0,30							0,43								
1835	0,22	1,23	0,91		0,37			0,39	0,18	0,90	0,38			0,69		0,21							0,50								
1836	0,11	0,98	0,56		0,20			0,18	0,14	0,71	0,34			0,57		0,11							0,36								
1837	0,25	1,00	0,52		0,53			0,29	0,24	1,01	0,29			0,56		0,24							0,30								
1838	0,33	2,34	1,33		0,67			0,42	0,20	1,56	0,37			0,86		0,38							0,31								
1839	0,57	1,73	1,44		1,04			0,56	0,38	1,57	0,39			0,83		0,52							0,76								
1840	0,56	1,84	1,43		1,35			0,67	0,29	1,49	0,45			1,53		0,67							1,01								
1841	0,41	1,64	1,25		1,02		1,56	0,46	0,37	1,10	0,40			1,31		0,39							0,57								
1842	0,50	2,30	1,25		1,86	3,19	0,94	0,68	0,51	1,61	0,58			1,29		0,73							0,71								
1843	0,29	1,56	0,54		0,64	1,76	1,78	0,25	0,20	0,92	0,49			0,85		0,39							0,41								
1844	0,76	1,65	1,66		1,15	3,28	1,14	0,80	0,56	1,31	0,76			1,43		0,64							0,84								
1845	0,51	1,40	1,40		1,04	3,31	2,09	0,64	0,43	1,49	0,69			1,26		0,54							0,85								
1846	0,45	1,71	1,21		1,39	2,79	1,37	0,61	0,56	1,28	0,50			0,99		0,51							0,85							0,52	
1847	0,62	1,08	1,27		1,28	2,14	1,70	0,70	0,60	1,33	0,57			1,37		0,53							0,68							0,40	
1848	0,44	2,22	0,97		1,49	2,38	1,60	0,53	0,38	1,35	0,53			1,62		0,95							0,76						0,57	0,54	
1849	0,72	2,33	1,26		1,22	3,15	1,33	0,57	0,59	1,58	0,47			1,69		0,43							1,01						0,80	0,36	
1850	0,57	1,65	1,28		0,88	3,18	1,66	0,60	0,64	1,41	0,57			1,74		0,64							0,99	1,04					0,90	1,04	
1851	0,71	1,44	1,31		1,00	2,88	2,16	0,63	0,60	1,37	0,50			1,71		0,70							0,83	0,84					0,93	1,11	
1852	0,64	1,89	1,29		0,94	2,80	1,90	0,52	0,53	1,64	0,49			1,36		0,77							0,69	0,85					0,75	1,06	
1853	0,72	2,34	1,50		1,07	2,42	1,99	0,77	0,55	1,52	0,47			1,75		0,65						0,40	0,70	0,36					0,66	0,90	
1854	0,56	2,39	0,87		0,97	2,49	2,09	0,44	0,77	1,53	0,43			1,49		0,71						0,34	0,67	0,41					0,63	0,79	
1855	0,51	1,43	1,02		0,93	1,40	1,81	0,47	0,22	0,85	0,40			0,86		0,53						0,37	0,62	0,48					0,68	0,94	
1856	0,60	1,87	1,48		1,21	2,61	1,25	0,48	0,68	1,57	0,49			1,38		0,67						0,32	0,69	0,89					0,64	0,57	
1857	0,93	2,05	1,36		1,44	1,77	1,99	0,42	0,91	1,63	0,53			1,01	0,88	0,53						0,38	0,48	0,76					1,02	0,74	
1858	0,74	1,62	1,30		1,32	2,08	2,23	0,55	1,08	1,45	0,54			1,54	0,35	0,55						0,24	0,83	1,24					0,83	0,41	
1859	0,71	2,49	1,28		2,01	2,75	1,72	0,48	1,02	2,10	0,61			1,68	0,61	0,83						0,29	1,03	1,15					1,11	0,85	
1860	0,64	2,66	0,97		1,36	2,20	1,78	0,41	0,59	1,34	0,43			1,21	0,57	0,68						0,47	1,00	1,09					0,75	1,00	
1861	0,86	2,41	1,50		1,58	3,28	1,54	0,52	0,77	1,31	0,76			1,73	0,74	0,71						0,32	0,91	1,66					0,44	0,91	
1862	0,45	1,74	0,95		0,84	1,42	2,73	0,31	0,38	0,92	0,39			1,39	0,74	0,46						0,41	0,65	1,18					0,42	1,30	
1863	0,51	2,56	1,31		1,12	2,60	1,88	0,44	0,46	1,56	0,59			1,68	0,51	0,51						0,33	0,93	1,50					0,29	0,62	
1864	0,66	1,64	1,24		1,19	2,21	2,58	0,33	0,55	1,47	0,37			1,43	0,76	0,46						0,34	0,59	0,90					0,35	0,88	
1865	0,05	0,00	1,12		1,68	2,39	1,14	0,00	0,37	0,00	0,58			1,36	0,61	0,00						0,27	0,00	0,91					0,25	0,40	
1866	0,73	1,56	0,49		0,96	1,43	1,92	0,49	0,28	1,70	0,39			1,10	0,58	0,56						0,32	0,68	0,60		0,43			0,20	0,60	
1867	0,33	0,82	0,05		0,10	0,14	1,00	0,20	0,17	0,94	0,00			0,09	0,41	0,28						0,18	0,29	0,07		0,04			0,17	0,39	
1868	0,65	1,43	1,16		1,49	2,52	1,84	0,64	0,51	1,72	0,72			1,21	0,41	0,34						0,20	0,36	0,66		0,24			0,25	0,55	
1869	0,27	0,77	0,29		0,36	1,17	0,40	0,14	0,14	0,80	0,25			0,58	0,29	0,15						0,09	0,18	0,27		0,33			0,23	0,28	
1870	0,72	1,66	1,02		1,34	3,02	1,70	0,66	0,56	1,66	0,41			1,49	0,41	0,42						0,24	0,42	0,76		0,29			0,40	0,82	
1871	0,56	1,23	0,64		1,15	2,00	1,16	0,40	0,31	1,26	0,21			1,22	0,43	0,31						0,20	0,38	0,46		0,24			0,38	0,87	
1872	0,67	1,13	0,83		1,11	2,25	1,32	0,56	0,56	1,11	0,42			1,41	0,32	0,18						0,06	0,37	0,64		0,13			0,31	0,34	
1873	0,29	1,19	0,50		0,48	1,15	1,21	0,53	0,17	0,58	0,23			1,08	0,32	0,25						0,13	0,30	0,37		0,16			0,18	0,43	
1874	0,31	1,03	0,33		0,25	1,64	0,87	0,35	0,25	0,48	0,24			1,12	0,30	0,21						0,11	0,23	0,35		0,14			0,14	0,31	
1875	0,41	1,45	0,49		0,50	2,14	1,28	0,52	0,58	1,14	0,30			1,38	0,45	0,33						0,21	0,43	0,52		0,34			0,18	0,59	
1876	0,45	1,18	0,25		0,54	1,69	0,84	0,40	0,56	0,78	0,22			0,65	0,36	0,15						0,30	0,40	0,27		0,12			0,14	0,49	
1877	0,71	1,54	0,60		1,09	2,41	1,75	1,06	0,74	1,07	0,41			1,32	0,71	0,40						0,50	0,67	0,69		0,11			0,33	1,04	
1878	0,53	1,97	0,72	0,99	1,05	2,27	2,08	0,66	0,67	1,02	0,45			1,29	0,60	0,25						0,26	0,61	0,48		0,13			0,24	0,63	
1879	0,85	2,26	1,19	1,45	1,39	2,64	2,44	0,85	0,83	1,33	0,54			1,91	1,16	0,45						0,46	0,94	0,77		0,23			0,34	1,01	
1880	0,78	1,68	0,80	1,16	1,20	2,10	1,88	0,61	0,61	0,94	0,56			1,72	0,63	0,52						0,53	0,62	0,78		0,42			0,29	0,80	
1881	0,42	1,18	0,47	0,99	0,51	1,21	1,09	0,30	0,26	0,43	0,35			0,82	0,50	0,28	0,28	0,44				0,31	0,29	0,55		0,24			0,18	0,54	
1882	0,28	0,57	0,21	0,95	0,21	0,59	0,69	0,14	0,17	0,29	0,26			0,46	0,38	0,12	0,23	0,33				0,38	0,18	0,38		0,15			0,16	0,43	
1883	0,54	1,12	0,60	0,91	0,73	0,87	1,16	0,52	0,41	0,65	0,36			0,84	0,41	0,22	0,25	0,36				0,25	0,25	0,47		0,08			0,17	0,59	
1884	0,30	0,70	0,32	0,47	0,42	0,70	0,58	0,25	0,23	0,40	0,22			0,50	0,30	0,19	0,16	0,29				0,33	0,20	0,30		0,13			0,22	0,38	
1885	0,10	0,27	0,12	0,46	0,10	0,21	0,20	0,10	0,10	0,13	0,14			0,17	0,10	0,07	0,07	0,22				0,08	0,08	0,11		0,03			0,13	0,19	
1886	0,55	0,97	0,37	0,81	0,47	0,50	1,16	0,45	0,25	0,52	0,37			0,51	0,38	0,29	0,17	0,41				0,20	0,31	0,27		0,12			0,30	0,62	
1887	0,33	1,09	0,30	1,06	0,51	1,09	0,73	0,38	0,33	0,39	0,34			0,57	0,51	0,33	0,10	0,44				0,28	0,34	0,32		0,10			0,32	0,82	
1888	0,36	1,07	0,29	1,08	0,48	1,03	0,69	0,29	0,39	0,56	0,25			0,69	0,45	0,26	0,13	0,67				0,34	0,36	0,32		0,12			0,38	0,59	
1889	0,22	0,36	0,21	0,84	0,25	0,38	0,38	0,10	0,28	0,31	0,13			0,32	0,11	0,12	0,16	0,53				0,20	0,26	0,13		0,13			0,18	0,42	
1890	0,25	0,89	0,29	1,15	0,49	0,78	0,80	0,29	0,32	0,56	0,25			0,65	0,45	0,19	0,33	1,01				0,38	0,28	0,25		0,21			0,47	0,57	
1891	0,36	0,74	0,29	0,61	0,53	0,48	0,66	0,25	0,29	0,55	0,25			0,59	0,22	0,24	0,37	0,85				0,34	0,20	0,25		0,19			0,41	0,55	
1892	0,43	1,36	0,43	1,21	0,77	2,26	1,22	0,35	0,90	0,68	0,41			1,16	0,73	0,24	0,55	1,13				0,61	0,68	0,24		0,30			0,72	0,84	
1893	0,44	1,77	0,59	1,23	0,73	1,65	1,45	0,33	0,61	0,99	0,45			0,94	0,77	0,25	0,72	1,17			0,40	0,67	0,55	0,38		0,31			0,75	0,85	
1894	0,64	1,38	0,72	1,79	0,69	1,72	1,66	0,49	0,65	2,00	0,69			1,00	0,58	0,33	0,58	1,37			0,54	0,66	0,97	0,39		0,23			0,75	0,99	
1895	0,30	1,41	0,26	1,33	0,29	0,96	1,24	0,22	0,58	1,42	0,41			0,72	0,57	0,30	0,64	1,64			0,48	0,74	0,85	0,30		0,26			0,49	0,80	
1896	0,70	2,21	0,90	1,45	0,70	1,65	2,08	0,49	0,77	1,50	0,52			1,39	0,91	0,37	0,83	2,08			0,42	0,95	0,94	1,14		0,33			0,87	1,44	
1897	0,87	1,69	1,12	1,52	0,83	1,91	1,98	0,72	1,25	1,07	0,72			1,34	0,82	0,32	0,94	2,51			0,40	1,06	1,00	0,92		0,26			0,80	1,45	
1898	0,79	1,71	1,30	1,48	0,74	1,39	2,40	0,68	0,80	1,23	0,75			1,29	0,77	0,37	1,22	1,92			0,35	1,13	1,08	0,92		0,27			0,71	1,22	
1899	0,49	0,92	0,54	0,77	0,26	0,81	0,74	0,35	0,37	0,30	0,44			0,78	0,52	0,29	0,70	0,87			0,28	0,54	0,50	0,51		0,18			0,33	0,58	
1900	0,56	1,18	0,79	1,40	0,64	1,27	1,36	0,36	0,49	1,04	0,52		0,52	0,95	0,52	0,35	0,91	1,25			0,20	0,70	0,73	0,49		0,17			0,45	1,05	
1901	0,23	0,62	0,31	0,84	0,31	0,58	0,77	0,06	0,24	0,19	0,26		0,46	0,66	0,23	0,12	0,58	0,74			0,12	0,42	0,32	0,20		0,20			0,33	0,65	
1902	0,46	0,74	0,57	0,98	0,52	0,88	1,23	0,25	0,47	0,65	0,35		0,39	0,99	0,67	0,30	0,62	1,00			0,26	0,63	0,48	0,36		0,25			0,35	0,94	
1903	0,42	0,82	0,51	0,96	0,63	1,10	1,35	0,21	0,34	0,52	0,34		0,77	1,02	0,68	0,25	0,67	1,43			0,32	0,42	0,51	0,31		0,15			0,29	0,93	
1904	0,51	0,72	0,41	1,26	0,37	0,76	0,90	0,27	0,53	0,35	0,37		1,14	0,87	0,49	0,24	0,54	1,19		0,33	0,28	0,45	0,60	0,59		0,15			0,23	0,76	
1905	0,50	0,72	0,58	1,02	0,50	0,76	1,42	0,27	0,58	0,64	0,50		1,41	1,03	0,72	0,20	0,45	1,37		0,30	0,19	0,60	0,41	0,43		0,15			0,23	0,72	
1906	0,49	0,81	0,58	1,35	0,39	0,58	0,95	0,25	0,42	0,45	0,41		1,53	0,89	0,50	0,28	0,91	1,71		0,33	0,36	1,02	0,81	0,57		0,21			0,41	0,91	
1907	0,20	0,14	0,18	0,71	0,10	0,47	0,45	0,10	0,28	0,33	0,13		0,34	0,51	0,19	0,15	0,62	0,65		0,31	0,40	0,51	0,29	0,15		0,13			0,24	0,35	
1908	0,92	1,25	1,09	1,26	0,90	1,64	2,00	0,66	0,99	1,12	0,69		0,30	1,59	0,88	0,41	0,99	2,04		0,62	0,71	1,19	0,97	0,59		0,30			0,71	0,91	
1909	0,68	0,77	0,62	1,07	0,50	0,87	1,01	0,37	0,47	0,75	0,34		0,32	0,94	1,01	0,40	0,71	1,22		0,82	0,57	1,30	0,81	0,67		0,24			0,73	0,99	
1910	0,19	0,43	0,43	0,87	0,26	0,57	1,29	0,22	0,19	0,67	0,36		0,03	0,99	0,49	0,32	0,36	0,83	0,55	0,61	0,39	0,60	0,71	0,28		0,20			0,29	0,92	
1911	0,29	0,24	0,37	0,48	0,17	0,41	0,99	0,12	0,24	0,43	0,17		0,56	0,70	0,16	0,10	0,25	0,74	0,23	0,37	0,16	0,29	0,35	0,10		0,10			0,14	0,30	
1912	0,31	0,51	0,39	0,47	0,42	0,53	0,92	0,26	0,31	0,40	0,33		0,44	0,64	0,43	0,20	0,16	0,67	0,09	0,40	0,30	0,29	0,29	0,23		0,07			0,15	0,30	
1913	0,31	0,34	0,29	0,43	0,27	0,58	0,86	0,32	0,37	0,25	0,22		0,64	0,45	0,37	0,28	0,28	0,87	0,14	0,29	0,26	0,47	0,19	0,26		0,11			0,26	0,37	
1914	0,33	0,44	0,25	0,51	0,31	0,78	1,00	0,35	0,25	0,28	0,28		0,59	0,29	0,41	0,22	0,34	0,52	0,10	0,14	0,34	0,53	0,25	0,65		0,02			0,20	0,43	
1915	0,59	0,66	0,41	0,85	0,50	1,29	1,24	0,55	0,64	0,71	0,45		0,58	0,68	0,84	0,42	0,51	1,20	0,33	0,24	0,51	0,83	0,51	1,23		0,14			0,37	0,48	
1916	0,15	0,33	0,11	0,31	0,14	0,29	0,36	0,45	0,22	0,23	0,20		0,28	0,22	0,37	0,17	0,36	0,75	0,23	0,11	0,21	0,44	0,24	0,46		0,13			0,34	0,23	
1917	0,43	0,64	0,28	0,66	0,51	0,88	1,15	0,47	0,56	0,47	0,41		0,64	0,44	0,82	0,34	0,51	1,05	0,56	0,46	0,44	0,61	0,50	0,51		0,14			0,44	0,32	
1918	0,54	0,94	0,52	1,17	0,62	1,04	1,73	0,57	0,69	0,61	0,50		0,78	0,65	0,75	0,36	0,58	1,34	0,65	0,90	0,48	0,86	0,64	0,53		0,18			0,38	0,53	
1919	0,25	0,73	0,32	0,72	0,33	0,78	1,26	0,32	0,38	0,41	0,29		0,62	0,45	0,36	0,31	0,56	1,14	0,82	0,69	0,36	0,65	0,42	0,52		0,20			0,37	0,60	
1920	0,23	0,50	0,43	0,76	0,31	0,46	1,06	0,30	0,23	0,21	0,26	0,14	0,06	0,35	0,14	0,17	0,44	0,79	0,42	0,22	0,02	0,48	0,32	0,43		0,12			0,33	0,38	
1921	0,37	0,76	0,42	0,66	0,60	0,81	1,13	0,38	0,44	0,57	0,48	0,22	0,41	0,52	0,26	0,36	0,63	1,31	0,70	0,48	0,27	1,07	0,40	0,56		0,20			0,43	0,55	
1922	0,36	1,25	0,73	0,65	0,38	0,61	1,43	0,37	0,51	0,31	0,48	0,30	0,24	0,56	0,31	0,18	0,57	1,02	1,44	0,61	0,31	0,87	0,47	0,44		0,22			0,44	0,60	
1923	0,60	1,27	0,92	0,64	0,65	1,14	1,72	0,50	0,56	0,63	0,63	0,45	0,64	0,97	0,31	0,24	0,60	1,17	0,65	0,55	0,35	1,27	0,56	0,91		0,33			0,54	0,67	
1924	0,26	0,84	0,66	0,63	0,40	0,60	1,59	0,51	0,50	0,65	0,43	0,46	0,05	0,66	0,17	0,25	0,73	1,06	0,65	0,56	0,28	0,80	0,42	0,79		0,23			0,44	0,65	
1925	0,23	0,46	0,50	0,45	0,22	0,46	0,84	0,28	0,21	0,37	0,27	0,26	0,10	0,45	0,14	0,14	0,31	0,85	0,27	0,43	0,11	0,57	0,25	0,28		0,00			0,37	0,39	
1926	0,42	0,99	0,80	0,74	0,51	0,60	2,12	0,35	0,59	0,65	0,42	0,38	0,58	1,00	0,20	0,35	0,75	1,52	0,53	0,61	0,22	0,78	0,45	0,45		0,17			0,49	0,54	
1927	0,43	0,53	0,48	0,56	0,58	0,33	0,95	0,31	0,43	0,22	0,32	0,28	0,37	0,45	0,14	0,21	0,63	0,79	0,37	0,49	0,17	0,45	0,26	0,33		0,18			0,34	0,37	
1928	0,46	0,80	0,53	0,69	0,52	0,53	1,11	0,35	0,37	0,46	0,47	0,31	0,47	0,75	0,34	0,30	0,81	0,95	0,37	0,33	0,29	0,67	0,34	0,36		0,17			0,36	0,68	
1929	0,04	0,50	0,49	0,28	0,46	0,29	0,69	0,21	0,29	0,26	0,29	0,21	0,03	0,50	0,17	0,16	0,73	0,67	0,40	0,14	0,00	0,28	0,25	0,35	0,16	0,15			0,18	0,32	
1930	0,21	0,66	0,43	0,28	0,54	0,33	1,36	0,19	0,59	0,30	0,44	0,06	0,13	0,76	0,26	0,23	0,72	0,87	0,48	0,06	0,07	0,34	0,30	0,28	0,40	0,05			0,17	0,41	
1931	0,44	0,45	0,23	0,34	0,28	0,24	0,67	0,18	0,24	0,18	0,47	0,10	0,27	0,38	0,17	0,14	0,66	0,46	0,44	0,15	0,04	0,32	0,19	0,17	0,18	0,05			0,13	0,30	
1932	0,19	0,47	0,26	0,29	0,29	0,36	0,43	0,14	0,24	0,23	0,22	0,06	0,33	0,49	0,17	0,16	0,57	0,49	0,24	0,00	0,00	0,30	0,23	0,23	0,17	0,00			0,13	0,26	
1933	0,25	0,55	0,43	0,58	0,42	0,30	0,79	0,26	0,55	0,33	0,37	0,06	0,36	0,40	0,19	0,14	0,48	0,58	0,33	0,18	0,05	0,53	0,38	0,40	0,10	0,07	0,49		0,26	0,46	
1934	0,32	0,66	0,44	0,54	0,34	0,37	0,75	0,29	0,21	0,35	0,29	0,11	0,54	0,44	0,19	0,14	0,48	0,76	0,57	0,62	0,09	0,38	0,35	0,62	0,10	0,07	0,68		0,22	0,42	
1935	0,20	0,54	0,39	0,43	0,29	0,45	0,66	0,27	0,32	0,37	0,22	0,19	0,18	0,56	0,21	0,16	0,60	0,77	0,67	0,28	0,11	0,45	0,36	0,49	0,12	0,11	0,52		0,22	0,38	
1936	0,29	0,39	0,60	0,51	0,31	0,40	0,50	0,26	0,23	0,33	0,23	0,17	0,20	0,55	0,26	0,11	0,51	0,54	0,45	0,30	0,10	0,50	0,31	0,36	0,09	0,10	0,57		0,29	0,30	
1937	0,10	0,32	0,14	0,31	0,15	0,21	0,55	0,00	0,20	0,17	0,14	0,13	0,39	0,25	0,10	0,11	0,41	0,48	0,46	0,16	0,08	0,45	0,25	0,30	0,00	0,10	0,76		0,33	0,26	
1938	0,19	0,62	0,39	0,50	0,32	0,43	0,74	0,26	0,44	0,31	0,28	0,15	0,49	0,37	0,27	0,15	0,54	0,61	0,86	0,12	0,22	0,52	0,32	0,32	0,18	0,13	0,42		0,40	0,45	
1939	0,23	0,49	0,30	0,51	0,30	0,60	0,79	0,33	0,34	0,52	0,33	0,23	0,44	0,56	0,38	0,24	0,56	0,44	1,03	0,12	0,24	0,61	0,30	0,58	0,22	0,14	0,49		0,57	0,85	
1940	0,32	0,56	0,41	0,59	0,36	0,79	0,87	0,26	0,29	0,53	0,34	0,30	0,50	0,44	0,24	0,22	0,69	0,38	1,08	0,18	0,21	0,51	0,34	0,86	0,39	0,15	0,52		0,49	0,88	
1941	0,27	0,54	0,29	0,49	0,30	0,72	0,68	0,30	0,19	0,50	0,31	0,22	0,48	0,35	0,24	0,26	0,96	0,21	0,87	0,18	0,23	0,44	0,31	0,92	0,44	0,14	0,41		0,60	0,62	
1942	0,31	0,63	0,39	0,68	0,47	0,45	1,14	0,25	0,26	0,42	0,39	0,42	0,81	0,52	0,27	0,30	0,89	0,35	1,00	0,12	0,23	0,50	0,41	0,70	0,61	0,26	0,60		0,68	0,73	
1943	0,20	0,99	0,47	0,90	0,53	0,67	1,53	0,31	0,43	0,86	0,54	0,61	0,93	0,59	0,42	0,36	0,77	0,53	1,38	0,00	0,25	0,94	0,59	0,78	0,53	0,44	0,66		1,09	1,12	
1944	0,34	0,87	0,31	1,12	0,35	0,74	1,11	0,40	0,31	0,52	0,43	0,63	1,20	0,50	0,30	0,24	0,89	0,49	1,26	0,26	0,33	0,75	0,51	0,88	0,40	0,43	0,71		0,82	0,78	
1945	0,51	1,20	0,54	1,24	0,62	0,94	1,37	0,29	0,51	0,77	0,50	0,70	0,91	0,84	0,68	0,41	1,10	0,56	2,01	0,45	0,27	0,87	0,67	0,99	0,57	0,39	1,09		1,11	1,26	
1946	0,44	0,92	0,43	0,84	0,51	0,65	0,87	0,36	0,36	0,67	0,46	0,51	0,03	0,73	0,37	0,29	0,89	0,35	1,15	0,42	0,22	0,74	0,54	0,74	0,27	0,31	0,95		1,00	1,02	
1947	0,52	0,61	0,24	0,53	0,25	0,31	0,45	0,00	0,27	0,37	0,22	0,20	0,33	0,37	0,14	0,20	0,97	0,18	0,77	0,53	0,23	0,48	0,30	0,50	0,16	0,23	0,51		0,55	0,47	
1948	0,47	0,95	0,34	0,33	0,42	0,46	0,60	0,27	0,33	0,47	0,45	0,19	0,78	0,60	0,21	0,23	0,81	0,26	0,86	0,37	0,22	0,48	0,26	0,52	0,22	0,16	0,37		0,56	0,31	
1949	0,21	0,35	0,19	0,07	0,03	0,10	0,07	0,07	0,19	0,14	0,11	0,09	0,03	0,00	0,00	0,04	0,45	0,13	0,42	0,23	0,08	0,10	0,00	0,12	0,03	0,07	0,14		0,11	0,09	
1950	0,46	1,06	0,00	0,34	0,47	0,53	0,67	0,23	0,49	0,66	0,35	0,21	0,92	0,54	0,39	0,23	0,51	0,29	0,86	0,43	0,23	0,49	0,31	0,45	0,52	0,13	0,50		0,36	0,68	
1951	0,36	0,41	0,21	0,29	0,20	0,22	0,39	0,20	0,25	0,38	0,13	0,40	0,30	0,25	0,15	0,16	0,51	0,14	0,43	0,40	0,25	0,35	0,22	0,65	0,33	0,25	0,65		0,26	0,64	
1952	0,45	0,78	0,12	0,46	0,34	0,33	0,46	0,21	0,33	0,51	0,22	0,54	0,40	0,43	0,16	0,14	0,56	0,25	0,56	0,59	0,17	0,40	0,27	1,24	0,53	0,23	0,57		0,29	0,48	
1953	0,34	0,78	0,00	0,48	0,50	0,52	1,05	0,19	0,29	0,68	0,33	0,45	1,02	0,65	0,39	0,23	0,98	0,26	0,68	0,37	0,19	0,60	0,42	1,11	0,52	0,31	0,63		0,34	0,83	
1954	0,40	0,61	0,22	0,29	0,41	0,47	0,76	0,28	0,31	0,46	0,34	0,40	0,68	0,45	0,29	0,20	0,52	0,19	0,55	0,26	0,23	0,45	0,30	0,58	0,51	0,15	0,55		0,28	0,80	
1955	0,55	0,90	0,27	0,38	0,59	0,78	0,97	0,37	0,49	0,61	0,40	0,54	0,98	0,55	0,37	0,23	0,74	0,26	0,82	0,36	0,25	0,54	0,36	0,98	0,61	0,19	0,57		0,49	0,65	
1956	0,41	0,82	0,22	0,42	0,56	0,54	1,06	0,40	0,35	0,54	0,43	0,54	0,94	0,39	0,46	0,20	0,75	0,18	1,04	0,29	0,27	0,64	0,40	1,01	0,52	0,24	0,68	0,25	0,45	0,64	
1957	0,45	0,63	0,17	0,38	0,38	0,60	0,86	0,34	0,43	0,55	0,25	0,44	0,40	0,35	0,45	0,13	0,57	0,30	0,95	0,22	0,21	0,48	0,27	1,02	0,47	0,22	0,43	0,22	0,42	0,51	
1958	0,42	0,74	0,25	0,40	0,50	0,62	0,90	0,37	0,46	0,47	0,31	0,46	0,53	0,37	0,45	0,28	0,71	0,21	0,87	0,32	0,25	0,58	0,25	0,70	0,05	0,25	0,45	0,28	0,42	0,43	
1959	0,63	1,30	0,29	0,58	0,59	0,78	1,88	0,49	0,44	0,67	0,39	0,46	0,60	0,57	0,62	0,34	0,80	0,23	0,95	0,42	0,39	0,77	0,43	1,33	0,64	0,29	0,54	0,24	0,40	0,82	
1960	0,57	1,06	0,33	0,54	0,46	0,74	1,13	0,33	0,34	0,60	0,32	0,49	0,39	0,33	0,54	0,25	0,77	0,29	0,70	0,31	0,36	0,52	0,34	0,80	0,57	0,25	0,54	0,18	0,34	0,52	
1961	0,41	0,81	0,29	0,44	0,41	0,46	1,11	0,40	0,44	0,28	0,33	0,53	0,30	0,38	0,46	0,21	0,77	0,30	0,67	0,21	0,27	0,58	0,30	0,80	0,34	0,18	0,42	0,09	0,41	0,46	
1962	0,39	0,58	0,25	0,37	0,43	0,46	1,28	0,36	0,37	0,26	0,47	0,68	0,26	0,26	0,38	0,14	0,79	0,26	0,76	0,32	0,22	0,65	0,34	0,53	0,39	0,26	0,51	0,19	0,46	0,58	
1963	0,33	0,66	0,22	0,30	0,09	0,49	0,79	0,34	0,41	0,40	0,37	0,61	0,47	0,31	0,41	0,19	0,59	0,26	0,78	0,46	0,26	0,59	0,42	0,49	0,44	0,37	0,57	0,23	0,37	0,33	
1964	0,36	0,84	0,25	0,35	0,48	0,64	0,85	0,43	0,54	0,35	0,41	0,64	0,58	0,31	0,38	0,15	0,66	0,31	1,00	0,47	0,26	0,71	0,38	1,32	0,47	0,38	0,48	0,17	0,54	0,39	
1965	0,38	0,90	0,27	0,40	0,50	0,65	1,04	0,37	0,62	0,47	0,48	0,70	0,81	0,45	0,40	0,20	0,59	0,39	1,30	0,42	0,36	0,71	0,36	1,28	0,66	0,36	0,63	0,14	0,77	0,47	
1966	0,25	0,54	0,00	0,33	0,06	0,28	0,65	0,21	0,28	0,21	0,34	0,63	0,41	0,20	0,18	0,20	0,53	0,22	0,92	0,33	0,27	0,44	0,22	0,85	0,16	0,45	0,43	0,21	0,41	0,34	
1967	0,44	1,05	0,17	0,57	0,52	0,56	1,12	0,33	0,54	0,55	0,51	0,77	0,75	0,44	0,64	0,23	0,67	0,46	1,25	0,40	0,47	0,72	0,42	0,99	0,51	0,45	0,65	0,33	0,51	0,51	
1968	0,25	0,60	0,00	0,29	0,10	0,22	0,37	0,18	0,29	0,25	0,32	0,40	0,23	0,21	0,20	0,09	0,31	0,23	0,66	0,19	0,25	0,39	0,26	0,35	0,12	0,33	0,28	0,12	0,25	0,30	
1969	0,35	0,66	0,29	0,19	0,53	0,28	0,83	0,29	0,45	0,46	0,30	0,63	0,56	0,28	0,23	0,29	0,38	0,33	0,92	0,43	0,44	0,53	0,34	0,50	0,45	0,43	0,50	0,32	0,47	0,49	
1970	0,29	0,71	0,18	0,29	0,21	0,33	0,56	0,23	0,34	0,41	0,34	0,58	0,41	0,24	0,23	0,22	0,37	0,30	0,83	0,42	0,35	0,52	0,34	0,79	0,28	0,41	0,62	0,31	0,37	0,54	
1971	0,14	0,33	0,11	0,13	0,05	0,18	0,31	0,11	0,22	0,15	0,08	0,18	0,19	0,11	0,10	0,11	0,21	0,16	0,50	0,27	0,14	0,20	0,11	0,36	0,10	0,19	0,46	0,19	0,21	0,14	
1972	0,30	0,54	0,12	0,21	0,34	0,29	0,49	0,20	0,26	0,31	0,22	0,34	0,44	0,20	0,21	0,22	0,34	0,28	0,74	0,51	0,33	0,33	0,25	0,38	0,24	0,30	0,56	0,29	0,31	0,34	
1973	0,11	0,52	0,05	0,17	0,22	0,17	0,17	0,00	0,22	0,17	0,08	0,31	0,09	0,09	0,09	0,15	0,27	0,10	0,68	0,21	0,33	0,17	0,14	0,29	0,10	0,24	0,39	0,41	0,23	0,10	
1974	0,16	0,34	0,00	0,11	0,07	0,14	0,21	0,07	0,06	0,07	0,09	0,26	0,10	0,09	0,09	0,05	0,16	0,11	0,26	0,15	0,16	0,21	0,07	0,25	0,00	0,26	0,40	0,31	0,25	0,11	
1975	0,18	0,34	0,13	0,11	0,31	0,25	0,27	0,17	0,18	0,15	0,12	0,48	0,27	0,19	0,12	0,18	0,25	0,20	0,33	0,19	0,26	0,24	0,18	0,28	0,18	0,36	0,54	0,43	0,33	0,15	
1976	0,28	0,61	0,06	0,15	0,06	0,28	0,54	0,24	0,27	0,29	0,26	0,63	0,43	0,29	0,26	0,21	0,32	0,28	0,77	0,26	0,35	0,36	0,25	0,36	0,22	0,41	0,74	0,49	0,36	0,24	
1977	0,21	0,41	0,04	0,14	0,18	0,21	0,39	0,22	0,41	0,18	0,18	0,55	0,32	0,27	0,17	0,19	0,25	0,25	0,66	0,35	0,33	0,33	0,19	0,38	0,24	0,34	0,64	0,26	0,38	0,22	
1978	0,30	0,53	0,13	0,17	0,29	0,38	0,44	0,24	0,35	0,27	0,19	0,69	0,48	0,21	0,27	0,33	0,32	0,30	1,12	0,39	0,30	0,37	0,25	0,41	0,35	0,43	0,72	0,38	0,41	0,25	
1979	0,46	0,79	0,21	0,27	0,21	0,37	0,50	0,33	0,33	0,34	0,25	0,62	0,37	0,32	0,39	0,23	0,34	0,34	1,35	0,59	0,27	0,48	0,37	0,59	0,60	0,48	0,63	0,43	0,41	0,35	
1980	0,22	0,46	0,15	0,12	0,21	0,21	0,43	0,20	0,14	0,20	0,13	0,39	0,41	0,22	0,13	0,17	0,30	0,23	1,18	0,50	0,40	0,34	0,25	0,46	0,38	0,45	0,63	0,33	0,37	0,15	0,20
1981	0,33	0,50	0,14	0,10	0,28	0,20	0,33	0,21	0,32	0,13	0,16	0,30	0,35	0,00	0,15	0,22	0,26	0,27	0,76	0,38	0,36	0,29	0,19	0,39	0,23	0,33	0,68	0,32	0,39	0,13	0,33
1982	0,37	0,68	0,13	0,11	0,06	0,29	0,46	0,35	0,39	0,22	0,21	0,46	0,45	0,27	0,22	0,30	0,34	0,36	0,78	0,55	0,29	0,39	0,25	0,53	0,38	0,36	0,86	0,47	0,52	0,18	0,56
1983	0,40	0,74	0,11	0,16	0,15	0,47	0,38	0,35	0,39	0,27	0,24	0,50	0,46	0,25	0,36	0,37	0,31	0,46	0,80	0,50	0,36	0,40	0,29	0,56	0,38	0,41	0,91	0,35	0,49	0,29	0,57
1984	0,45	1,03	0,12	0,16	0,23	0,59	0,63	0,39	0,45	0,27	0,32	0,51	0,59	0,38	0,52	0,47	0,52	0,58	0,97	0,66	0,32	0,45	0,36	0,52	0,52	0,42	0,93	0,51	0,54	0,36	0,92
1985	0,57	1,05	0,13	0,24	0,24	0,84	0,65	0,45	0,70	0,30	0,33	0,42	0,45	0,36	0,48	0,48	0,27	0,47	0,91	0,65	0,33	0,66	0,40	0,60	0,57	0,43	0,80	0,45	0,52	0,35	1,07
1986	0,45	1,30	0,21	0,16	0,34	0,86	0,64	0,35	0,48	0,24	0,22	0,41	0,86	0,32	0,72	0,35	0,45	0,56	1,03	0,69	0,43	0,63	0,39	0,41	0,62	0,46	0,95	0,54	0,48	0,19	0,84
1987	0,37	1,38	0,22	0,26	0,41	0,50	0,71	0,44	0,63	0,26	0,29	0,58	0,67	0,41	0,69	0,40	0,40	0,52	1,27	1,07	0,39	0,57	0,46	0,58	0,49	0,50	0,78	0,72	0,53	0,24	0,79
1988	0,64	1,04	0,25	0,23	0,33	0,77	0,52	0,30	0,61	0,28	0,27	0,60	0,72	0,43	0,72	0,37	0,33	0,48	1,35	1,20	0,29	0,36	0,36	0,67	0,61	0,45	1,18	0,70	0,42	0,29	1,04
1989	0,39	0,66	0,19	0,13	0,08	0,43	0,36	0,16	0,38	0,18	0,14	0,43	0,41	0,00	0,51	0,29	0,36	0,39	0,94	0,60	0,20	0,42	0,30	0,42	0,39	0,44	0,75	0,55	0,31	0,16	0,70
1990	0,55	0,97	0,12	0,25	0,35	0,53	0,59	0,23	0,51	0,34	0,25	0,65	0,64	0,44	0,75	0,39	0,45	0,38	1,06	0,86	0,21	0,52	0,45	0,41	0,57	0,68	1,48	0,87	0,40	0,31	0,97
1991	0,47	1,08	0,09	0,17	0,33	0,40	0,36	0,14	0,30	0,29	0,18	0,57	0,41	0,28	0,47	0,30	0,31	0,18	0,67	0,65	0,24	0,37	0,27	0,43	0,41	0,52	0,98	0,52	0,22	0,21	0,59
1992	0,45	0,93	0,06	0,20	0,02	0,37	0,40	0,22	0,38	0,24	0,17	0,49	0,58	0,36	0,42	0,27	0,28	0,29	0,81	0,57	0,21	0,34	0,31	0,43	0,56	0,51	1,04	0,71	0,29	0,21	1,00
1993	0,33	0,64	0,10	0,21	0,23	0,38	0,44	0,20	0,49	0,35	0,26	0,53	0,56	0,21	0,40	0,33	0,34	0,35	0,87	0,71	0,29	0,33	0,33	0,36	0,75	0,57	1,00	0,85	0,22	0,27	1,30
1994	0,41	1,14	0,11	0,23	0,38	0,43	0,53	0,21	0,50	0,40	0,30	0,65	0,60	0,32	0,54	0,41	0,44	0,23	1,08	1,00	0,16	0,48	0,34	0,41	0,97	0,47	0,99	0,92	0,42	0,37	1,21
1995	0,28	0,52	0,04	0,14	0,24	0,14	0,21	0,00	0,11	0,22	0,08	0,41	0,08	0,00	0,09	0,11	0,25	0,13	0,25	0,66	0,12	0,25	0,09	0,20	0,32	0,37	0,98	0,65	0,23	0,12	0,65
1996	0,52	1,08	0,11	0,23	0,34	0,49	0,49	0,31	0,45	0,49	0,28	0,64	0,86	0,25	0,45	0,37	0,39	0,32	0,91	1,33	0,24	0,45	0,34	0,45	1,01	0,58	1,40	0,86	0,41	0,32	0,99
1997	0,11	0,34	0,00	0,06	0,25	0,11	0,00	0,00	0,00	0,05	0,00	0,10	0,06	0,00	0,08	0,04	0,17	0,00	0,17	0,17	0,00	0,00	0,00	0,04	0,09	0,23	0,55	0,35	0,05	0,00	0,25
1998	0,50	1,21	0,15	0,27	0,48	0,58	0,64	0,18	0,47	0,42	0,35	0,60	0,72	0,33	0,36	0,21	0,34	0,37	0,76	1,19	0,29	0,38	0,37	0,43	0,89	0,51	0,91	0,57	0,36	0,32	0,77
1999	0,06	0,33	0,00	0,02	0,07	0,00	0,00	0,10	0,00	0,07	0,22	0,07	0,00	0,08	0,02	0,06	0,08	0,00	0,12	0,20	0,00	0,05	0,11	0,10	0,00	0,25	0,62	0,33	0,02	0,00	0,29
2000	0,30	0,84	0,16	0,23	0,52	0,69	0,36	0,18	0,29	0,28	0,19	0,33	0,55	0,37	0,32	0,21	0,23	0,22	0,46	1,00	0,24	0,29	0,26	0,34	0,69	0,29	0,84	0,37	0,31	0,25	0,56
2001	0,34	0,66	0,15	0,21	0,58	0,30	0,35	0,12	0,21	0,27	0,14	0,52	0,27	0,03	0,30	0,19	0,27	0,18	0,43	1,38	0,27	0,29	0,31	0,32	0,43	0,48	0,95	0,43	0,32	0,16	0,71
2002	0,26	0,72	0,07	0,19	0,37	0,41	0,36	0,17	0,29	0,28	0,18	0,41	0,45	0,45	0,25	0,17	0,23	0,17	0,38	1,15	0,25	0,22	0,30	0,25	0,62	0,36	0,70	0,37	0,29	0,26	0,76
2003	0,33	0,91	0,08	0,18	0,26	0,44	0,36	0,00	0,27	0,26	0,17	0,47	0,47	0,36	0,27	0,18	0,26	0,22	0,56	1,60	0,28	0,23	0,28	0,30	0,84	0,54	0,76	0,53	0,29	0,22	0,92
2004	0,44	1,12	0,08	0,25	0,33	0,51	0,38	0,17	0,29	0,26	0,15	0,62	0,45	0,41	0,41	0,24	0,31	0,23	0,73	2,29	0,36	0,26	0,39	0,43	0,77	0,69	0,99	0,55	0,33	0,25	0,82
2005	0,26	0,99	0,10	0,21	0,41	0,33	0,29	0,09	0,23	0,18	0,14	0,45	0,16	0,25	0,22	0,16	0,30	0,22	0,52	1,75	0,24	0,18	0,23	0,37	0,47	0,47	0,68	0,40	0,18	0,14	0,64
2006	0,25	0,93	0,11	0,20	0,35	0,23	0,31	0,10	0,24	0,20	0,12	0,56	0,37	0,38	0,18	0,17	0,39	0,24	0,70	1,87	0,27	0,19	0,26	0,27	0,65	0,54	0,95	0,42	0,18	0,15	0,60
2007	0,13	0,55	0,07	0,10	0,21	0,19	0,19	0,06	0,15	0,14	0,12	0,37	0,24	0,31	0,12	0,12	0,35	0,17	0,58	0,69	0,14	0,17	0,15	0,14	0,23	0,31	0,60	0,35	0,14	0,10	0,42
2008	0,20	0,70	0,06	0,14	0,21	0,16	0,23	0,10	0,28	0,15	0,13	0,41	0,40	0,15	0,10	0,15	0,44	0,20	0,49	1,63	0,22	0,12	0,23	0,21	0,41	0,31	0,55	0,38	0,15	0,08	0,68
2009	0,17	0,66	0,14	0,10	0,17	0,26	0,28	0,08	0,27	0,22	0,48	0,48	0,33	0,27	0,25	0,17	0,51	0,19	0,49	1,52	0,30	0,29	0,30	0,21	0,28	0,37	0,78	0,40	0,18	0,19	0,54
2010	0,13	0,44	0,09	0,08	0,15	0,12	0,14	0,10	0,00	0,19	0,00	0,42	0,10	0,12	0,10	0,07	0,43	0,13	0,25	1,32	0,12	0,12	0,18	0,14	0,09	0,29	0,73	0,25	0,11	0,07	0,41
2011	0,24	0,93	0,12	0,21	0,25	0,34	0,26	0,17	0,40	0,32	0,50	0,60	0,38	0,12	0,17	0,23	0,56	0,18	0,73	2,38	0,24	0,20	0,26	0,26	0,26	0,34	1,05	0,35	0,22	0,25	0,77
2012	0,28	1,26	0,07	0,19	0,33	0,37	0,36	0,17	0,23	0,35	0,34	0,63	0,38	0,19	0,21	0,22	0,56	0,26	0,80	2,49	0,23	0,38	0,32	0,30	0,44	0,40	0,81	0,39	0,24	0,21	0,64
2013	0,24	0,67	0,00	0,17	0,28	0,22	0,27	0,12	0,27	0,30	0,22	0,60	0,54	0,18	0,21	0,21	0,55	0,25	0,76	1,68	0,24	0,30	0,26	0,31	0,32	0,51	0,73	0,31	0,19	0,21	0,87
2014	0,25	0,80	0,10	0,17	0,19	0,33	0,33	0,14	0,31	0,26	0,25	0,52	0,46	0,21	0,23	0,19	0,53	0,29	0,80	1,52	0,36	0,35	0,24	0,42	0,31	0,31	0,63	0,29	0,21	0,22	0,83
2015	0,19	1,02	0,10	0,17	0,25	0,19	0,29	0,16	0,17	0,30	0,21	0,40	0,41	0,16	0,17	0,17	0,49	0,31	0,68	1,14	0,25	0,28	0,22	0,29	0,35	0,40	0,72	0,32	0,18	0,27	1,42
2016	0,23	1,06	0,15	0,21	0,20	0,21	0,27	0,15	0,23	0,39	0,20	0,64	0,52	0,22	0,21	0,17	0,71	0,33	0,86	1,31	0,34	0,40	0,30	0,29	0,51	0,40	0,79	0,33	0,17	0,33	1,08
2017	0,18	1,11	0,07	0,17	0,06	0,13	0,19	0,16	0,15	0,22	0,13	0,37	0,16	0,19	0,13	0,03	0,58	0,21	0,46	0,76	0,24	0,25	0,17	0,20	0,18	0,43	0,65	0,18	0,14	0,20	0,74
2018	0,31	1,22	0,10	0,23	0,24	0,22	0,37	0,18	0,35	0,38	0,28	0,53	0,41	0,23	0,23	0,06	0,56	0,37	0,65	0,82	0,42	0,41	0,29	0,27	0,40	0,30	0,60	0,33	0,21	0,37	0,90
2019	0,33	1,05	0,10	0,26	0,14	0,23	0,31	0,13	0,22	0,33	0,22	0,64	0,26	0,10	0,20	0,16	0,56	0,33	0,74	1,26	0,52	0,26	0,21	0,29	0,47	0,40	1,05	0,29	0,17	0,31	0,97
2020	0,13	0,91	0,08	0,16	0,29	0,04	0,14	0,09	0,09	0,20	0,14	0,31	0,14	0,20	0,14	0,11	0,48	0,21	0,50	1,15	0,20	0,13	0,09	0,18	0,14	0,17	0,52	0,17	0,10	0,16	0,70
2021	0,23	0,58	0,08	0,13	0,10	0,07	0,22	0,02	0,15	0,17	0,09	0,38	0,26	0,12	0,09	0,06	0,45	0,21	0,30	1,29	0,28	0,17	0,08	0,18	0,05	0,15	0,41	0,08	0,07	0,12	0,67
