Year	pub03x	pub05x	pub06x	pub07x	pub10x	pub20x	pub21x	pub25x	pub27x	pub28x	pub29x	pub30x	pub34x	pub37x	pub39x	pub40x	pub42x	pub43x	pub44x	pub46x	pub50x	pub52x	pub57x	pub582x	pub59x	puub32x
1811													0,58													
1812													0,36													
1813													0,39													
1814													0,23													
1815													0,26													
1816													0,20													
1817													0,13													
1818													0,15													
1819													0,12													
1820													0,11													
1821													0,08													
1822													0,29													
1823													0,46													
1824													0,39													
1825													0,33													
1826													0,32													
1827													0,35													
1828													0,10													
1829													0,41													
1830													0,30													
1831													0,07													
1832													0,31													
1833													0,15													
1834													0,10													
1835													0,14													
1836													0,14													
1837													0,16													
1838													0,16													
1839													0,32													
1840													0,35													
1841													0,29													
1842													0,62													
1843													0,56													
1844													0,75													
1845													0,81													
1846													0,99													
1847								1,94					1,04	1,82												
1848								0,83					0,80	1,75												
1849								1,41		2,68			0,90	1,64												
1850						1,78		2,03		1,99			0,95	1,64												
1851						1,34		2,27		2,31			1,06	1,66												
1852						1,13		1,44		1,53			0,65	0,97												
1853						1,56		1,61		1,90			0,98	1,09												
1854						1,48		1,12		1,39			0,79	0,92									1,06			
1855						0,39		0,29		0,30			0,26	0,58									0,49			
1856						1,06		0,98		1,36			0,75	1,42									0,99			
1857						0,52		0,53		0,95		0,44	0,27	0,70									0,59			
1858						0,54		0,69		1,18		0,49	0,52	0,74									0,64			
1859						0,86		0,69		1,07		0,53	0,42	0,92									0,90			
1860						0,62		0,48		0,54		0,43	0,26	0,39									0,83			
1861						0,71		0,84		0,80		0,74	0,35	0,68									1,06			
1862						0,47		0,46		0,47		0,51	0,32	0,50									0,65			
1863						0,49		0,44		0,27		0,38	0,28	0,30									0,50			
1864						0,29		0,54		0,24		0,54	0,18	0,39									0,67			
1865						0,56		0,55		0,34	0,73	1,17	0,22	0,47									0,82			
1866						0,87		0,71		0,60	0,72	1,10	0,43	0,58									0,89			
1867						0,27		0,19	0,24	0,12	0,31	0,37	0,12	0,10									0,52			
1868						0,78		0,78	0,45	0,65	0,54	1,13	0,39	0,54									0,83			
1869						0,63		0,72	0,18	0,53	0,60	0,94	0,39	0,69									0,71			
1870						1,03		1,17	0,52	1,41	0,78	1,20	0,61	0,93									0,85			
1871						0,95		0,69	0,39	1,07	0,67	0,96	0,61	1,11									0,96			
1872						0,86		0,63	1,01	1,39	0,68	0,86	0,55	1,17									0,68			
1873	0,72					0,49		0,32	0,72	0,59	0,42	0,31	0,30	0,62									0,37			
1874	0,64					0,32		0,24	0,66	0,46	0,18	0,21	0,16	0,50		0,46							0,26		0,22	
1875	0,84					0,35		0,22	0,16	0,45	0,15	0,26	0,18	0,43		0,50							0,25		0,31	
1876	0,62					0,25		0,34	0,08	0,42	0,13	0,30	0,18	0,45		0,62							0,40		0,41	
1877	0,99					0,43		0,35	0,12	0,59	0,28	0,60	0,24	0,72		0,82							0,50		0,44	
1878	0,89					0,34		0,22	0,18	0,33	0,19	0,48	0,20	0,52		0,61							0,59		0,53	
1879	0,77					0,41		0,33	0,25	0,53	0,44	0,71	0,29	0,59		0,86							0,75		0,61	
1880	0,86					0,32		0,31	0,11	0,49	0,49	0,54	0,19	0,50		0,77							0,59		0,59	
1881	0,57					0,16		0,39	0,24	0,41	0,39	0,37	0,16	0,37		0,59							0,59		0,52	
1882	0,23			0,21		0,10		0,12	0,17	0,16	0,17	0,18	0,09	0,19		0,27							0,25		0,73	
1883	0,23			0,09		0,16		0,18	0,10	0,17	0,20	0,19	0,10	0,14		0,23							0,10		0,12	
1884	0,21			0,10		0,12		0,11	0,09	0,14	0,17	0,15	0,05	0,16		0,22							0,16		0,11	
1885	0,45			0,12		0,10		0,17	0,10	0,09	0,13	0,23	0,08	0,22		0,25							0,21		0,13	
1886	0,72			0,30		0,22		0,24	0,24	0,37	0,23	0,37	0,21	0,28		0,37							0,31		0,17	
1887	0,78			0,39		0,22		0,31	0,42	0,32	0,23	0,36	0,20	0,22		0,41							0,43		0,20	
1888	0,57			0,38		0,15		0,15	0,23	0,11	0,20	0,20	0,13	0,17		0,28							0,25		0,24	
1889	0,50			0,20		0,13		0,12	0,14	0,07	0,15	0,28	0,11	0,18		0,24							0,16		0,20	
1890	1,44		0,39	0,72		0,43		0,28	0,61	0,31	0,49	0,87	0,23	0,54		0,54							0,41		0,48	
1891	0,42		0,16	0,25		0,17		0,10	0,13	0,09	0,15	0,23	0,07	0,16		0,34							0,17		0,18	
1892	0,58		0,22	0,35		0,25	0,18	0,24	0,41	0,24	0,31	0,39	0,19	0,29		0,45							0,37		0,28	
1893	0,96		0,36	0,51		0,26	0,13	0,24	0,34	0,31	0,39	0,43	0,14	0,34		0,42		0,37					0,35		0,34	
1894	0,66		0,24	0,43		0,20	0,09	0,19	0,17	0,19	0,18	0,29	0,10	0,20		0,29		0,12					0,22		0,23	
1895	0,90		0,35	0,53		0,46	0,11	0,26	0,33	0,47	0,37	0,43	0,15	0,33		0,47		0,28					1,11		0,25	
1896	0,90		0,36	0,53		0,33	0,13	0,28	0,35	0,24	0,27	0,41	0,24	0,31		0,43		0,27					0,34		0,16	
1897	0,90		0,38	0,70		0,37	0,06	0,25	0,36	0,19	0,26	0,33	0,12	0,23	0,51	0,50		0,30					0,33		0,17	
1898	1,03		0,42	0,68		0,63	0,17	0,33	0,64	0,40	0,64	0,62	0,22	0,38	0,43	0,81		0,42		0,99			0,48		0,24	
1899	0,45		0,20	0,14		0,14	0,05	0,04	0,15	0,09	0,20	0,20	0,01	0,13	0,07	0,25		0,08		0,80			0,11		0,22	
1900	0,91		0,20	0,21		0,30	0,10	0,22	0,25	0,32	0,31	0,25	0,13	0,27	0,26	0,82		0,21		0,80			0,29		0,25	
1901	0,72		0,24	0,21		0,17	0,07	0,15	0,23	0,42	0,24	0,14	0,09	0,19	0,16	0,49		0,23		0,96			0,28		0,23	
1902	1,43		0,32	0,31		0,38	0,22	0,28	0,38	0,53	0,41	0,39	0,18	0,33	0,24	0,79		0,56		1,07			0,53		0,47	
1903	0,40		0,29	0,27		0,19	0,10	0,07	0,09	0,18	0,17	0,22	0,12	0,24	0,11	0,38		0,30		0,47			0,25		0,28	
1904	0,91		0,34	0,41		0,29	0,18	0,17	0,24	0,37	0,38	0,28	0,14	0,32	0,25	0,73		0,37		0,78			0,42		0,34	
1905	0,83		0,43	0,49		0,34	0,14	0,18	0,35	0,47	0,41	0,24	0,15	0,26	0,31	0,94		0,48		0,84			0,59		0,48	
1906	0,60		0,42	0,45		0,27	0,10	0,11	0,26	0,45	0,30	0,34	0,16	0,17	0,14	0,58		0,27		0,76			0,40		0,47	
1907	0,70		0,53	0,82		0,38	0,17	0,18	0,23	0,45	0,56	0,42	0,14	0,19	0,16	0,48		0,27		0,70			0,40		0,68	
1908	0,87		0,90	1,18		0,47	0,19	0,30	0,28	0,73	0,65	0,44	0,15	0,24	0,20	0,63		0,31		1,01			0,39		0,95	
1909	1,06		1,11	1,44		0,65	0,27	0,31	0,34	0,82	0,71	0,65	0,20	0,34	0,23	0,72	0,59	0,38		0,97			0,45		0,89	
1910	0,54		0,82	0,96		0,53	0,22	0,17	0,26	0,60	0,43	0,39	0,18	0,24	0,21	0,53	0,39	0,36		0,87			0,37		1,00	
1911	1,75		1,13	1,46		0,95	0,41	0,35	0,54	1,11	0,89	0,67	0,28	0,56	0,26	0,76	0,67	0,78		1,37			0,64		1,13	
1912	0,94		0,81	0,65		0,61	0,24	0,27	0,29	0,62	0,68	0,46	0,21	0,42	0,18	0,51	0,45	0,50		0,79			0,58		0,74	
1913	2,02		1,18	1,24		0,89	0,41	0,48	0,62	0,91	0,92	0,93	0,31	0,63	0,22	0,66	0,56	0,63		1,08			0,80		1,28	
1914	0,62		0,52	0,31		0,34	0,14	0,13	0,16	0,29	0,29	0,30	0,15	0,36	0,06	0,11	0,18	0,26		0,37			0,37		0,63	
1915	2,09		1,15	0,86		0,84	0,31	0,65	0,49	1,15	0,77	0,81	0,47	0,66	0,43	0,81	0,63	0,73		1,05			1,17		1,16	
1916	1,11		1,32	0,90		0,56	0,40	0,42	0,47	0,89	0,68	0,68	0,43	0,97	0,22	0,65	0,60	0,75		0,96			0,95		1,30	
1917	1,41		1,14	0,96		0,69	0,33	0,56	0,36	0,79	0,96	0,83	0,40	0,97	0,25	0,78	0,49	0,69		0,73			0,77		1,03	
1918	1,55		1,11	0,84		0,75	0,38	0,55	0,38	0,65	0,90	0,72	0,32	0,90	0,23	0,70	0,47	0,70	0,92	0,71			0,62		0,91	
1919	1,13		0,89	0,72		0,69	0,23	0,40	0,32	0,55	0,88	0,58	0,28	0,92	0,20	0,67	0,51	0,55	0,86	0,72			0,51		1,02	
1920	1,63		0,74	0,52		0,75	0,29	0,45	0,35	0,58	0,82	0,61	0,28	0,93	0,27	0,59	0,50	0,68	0,96	0,79			0,54		1,23	
1921	1,86		0,82	0,63		0,81	0,34	0,64	0,46	1,03	0,86	0,90	0,50	1,50	0,49	1,11	0,72	1,19	1,67	0,98			0,66		2,20	
1922	2,23		1,24	1,63		1,24	0,58	0,82	0,57	1,54	1,35	1,35	0,54	1,55	0,49	1,13	0,80	1,42	2,33	1,16			1,22		2,22	
1923	1,99		0,99	1,39		0,94	0,71	1,14	0,69	1,91	1,55	1,23	1,10	1,74	0,63	1,57	1,10	1,91	2,95	1,34			1,45		2,87	
1924	1,52		1,00	1,62		0,80	0,57	1,04	0,93	1,81	1,38	0,96	1,33	2,18	0,60	2,03	1,30	2,14	2,99	1,34			1,30		2,65	
1925	1,15		0,73	1,08		0,68	0,36	0,71	0,69	1,27	1,19	0,88	0,91	1,59	0,45	1,45	1,06	1,63	2,29	0,81			0,63		2,04	
1926	1,33		0,95	1,15		0,64	0,50	0,51	0,46	0,95	0,86	1,00	0,86	1,65	0,51	1,06	0,83	1,33	2,10	0,58			0,74		1,62	
1927	1,22		0,85	0,95		0,70	0,23	0,77	0,66	1,35	1,26	0,99	0,82	1,53	0,69	1,32	0,95	1,53	1,55	0,96			0,76		1,56	
1928	1,08		0,56	0,64		0,70	0,33	0,79	0,39	1,21	0,89	0,94	0,57	1,43	0,70	1,15	0,62	1,05	1,60	0,70			0,65		1,69	
1929	0,71		0,46	0,45		0,41	0,19	0,52	0,27	0,68	0,70	0,47	0,49	1,12	0,61	0,93	0,68	0,73	1,31	0,51			0,58		1,41	
1930	0,52		0,29	0,35		0,31	0,11	0,53	0,20	0,61	0,89	0,72	0,29	1,12	0,42	0,84	0,44	0,76	1,05	0,49	1,91		0,38		1,46	
1931	0,68		0,24	0,28		0,46	0,26	0,64	0,23	0,87	1,12	1,03	0,42	1,32	0,79	1,28	0,59	0,82	1,41	0,58	1,31		0,46		1,75	
1932	0,60		0,24	0,29		0,39	0,17	0,48	0,14	0,57	0,92	0,94	0,28	0,90	0,40	0,92	0,43	0,48	1,08	0,45	1,15		0,42		1,58	
1933	0,95		0,60	0,58		0,78	0,29	0,75	0,25	0,97	1,28	1,40	0,51	1,48	0,75	1,18	0,73	0,78	1,54	0,89	1,53		0,48		2,06	
1934	0,64		0,51	0,45		0,52	0,23	0,48	0,27	0,55	0,81	1,08	0,48	0,97	0,51	0,74	0,62	0,55	1,41	0,71	0,72		0,55		1,39	
1935	0,71		0,50	0,35		0,53	0,17	0,51	0,18	0,61	0,83	0,91	0,41	1,21	0,47	0,85	0,52	0,80	1,91	0,77	1,37		0,50		1,56	
1936	1,01		0,39	0,21		0,45	0,29	0,40	0,20	0,57	0,91	1,21	0,29	0,84	0,24	0,52	0,77	0,51	1,60	0,71	1,26		0,33	1,20	1,46	
1937	1,32		0,73	0,41		0,72	0,29	0,68	0,36	1,00	1,28	2,11	0,57	1,42	0,52	0,99	1,12	0,93	2,10	1,09	1,52		0,62	1,00	2,01	
1938	1,80	0,95	0,97	0,41		1,26	0,36	1,24	0,54	1,30	1,98	2,10	0,70	2,07	0,53	1,15	1,14	1,04	2,40	1,32	1,40		0,83	1,61	2,63	
1939	0,95	0,53	1,07	0,45		0,86	0,33	0,79	0,47	0,76	1,40	1,19	0,66	2,05	0,43	1,00	0,62	0,75	1,92	0,98	0,94		0,60	1,01	1,88	
1940	1,00	0,25	0,63	0,18		0,61	0,20	0,61	0,30	0,56	0,66	0,95	0,38	1,37	0,20	0,76	0,41	0,44	1,87	0,68	0,35		0,29	0,88	1,32	
1941	0,54	0,25	0,48	0,09		0,26	0,14	0,34	0,27	0,31	0,47	0,55	0,27	0,91	0,13	0,41	0,26	0,16	1,11	0,41	0,32		0,15	0,42	0,68	0,35
1942	1,10	0,57	0,69	0,24		0,51	0,25	0,65	0,46	0,65	0,94	1,02	0,50	1,55	0,26	0,55	0,53	0,62	1,96	0,72	0,48		0,30	0,64	1,76	0,72
1943	1,02	0,48	0,71	0,36		0,50	0,28	0,62	0,57	0,65	0,60	1,33	0,64	1,01	0,37	0,54	0,59	0,59	1,48	0,83	0,58		0,39	1,24	1,30	0,73
1944	0,74	0,47	0,44	0,17		0,46	0,26	0,53	0,40	0,61	0,56	0,82	0,34	0,86	0,27	0,31	0,58	0,41	1,23	0,90	0,86		0,26	1,38	1,10	0,67
1945	1,07	0,54	0,69	0,22		0,53	0,28	0,61	0,68	0,86	0,86	1,03	0,63	1,11	0,35	0,49	0,62	0,50	1,38	0,79	1,05		0,35	1,27	0,80	1,11
1946	0,55	0,28	0,47	0,19		0,34	0,26	0,36	0,38	0,54	0,56	0,54	0,31	0,68	0,23	0,31	0,35	0,29	1,16	0,56	0,66		0,24	0,75	0,44	0,61
1947	0,33	0,19	0,26	0,09		0,16	0,10	0,28	0,08	0,26	0,25	0,28	0,15	0,37	0,12	0,19	0,15	0,10	0,87	0,27	0,36		0,11	0,66	0,32	0,38
1948	0,60	0,22	0,32	0,12	1,13	0,13	0,19	0,32	0,22	0,31	0,36	0,48	0,20	0,55	0,16	0,24	0,24	0,19	0,99	0,30	0,49		0,15	0,72	0,43	0,71
1949	0,31	0,22	0,23	0,13	0,56	0,08	0,12	0,26	0,13	0,28	0,34	0,20	0,15	0,67	0,09	0,20	0,12	0,17	0,96	0,20	0,31		0,10	0,29	0,24	0,36
1950	0,51	0,31	0,24	0,10	0,90	0,12	0,21	0,38	0,10	0,26	0,39	0,41	0,11	1,11	0,11	0,22	0,13	0,19	1,10	0,32	0,54		0,14	0,33	0,29	0,53
1951	0,52	0,39	0,41	0,16	1,26	0,18	0,17	0,57	0,10	0,29	0,48	0,64	0,23	1,06	0,23	0,36	0,18	0,16	0,87	0,36	0,61	0,72	0,32	0,42	0,40	0,65
1952	0,81	0,88	0,59	0,38	1,77	0,33	0,32	0,73	0,22	0,74	0,90	1,01	0,34	1,89	0,51	0,41	0,62	0,32	1,16	0,75	1,00	0,86	0,32	0,94	0,77	1,54
1953	1,00	0,87	0,64	0,41	1,80	0,57	0,37	0,57	0,33	0,83	1,14	1,75	0,32	2,64	0,69	0,59	0,71	0,42	1,25	1,20	0,88	0,96	0,37	1,59	1,60	1,35
1954	0,75	0,61	0,45	0,34	1,31	0,63	0,39	0,77	0,24	0,92	1,06	1,46	0,29	1,70	0,39	0,61	0,58	0,32	1,29	1,13	0,84	0,88	0,37	1,33	1,36	1,14
1955	1,05	0,79	0,51	0,49	1,64	0,58	0,34	0,74	0,38	0,82	1,04	1,14	0,41	1,62	0,57	0,66	0,54	0,54	1,55	1,21	1,19	0,82	0,45	1,22	1,20	1,26
1956	1,18	1,02	0,72	0,70	2,23	0,99	0,39	1,10	0,47	0,96	1,10	1,49	0,60	2,24	0,81	0,89	0,61	0,86	1,37	1,27	1,35	1,31	0,62	1,57	1,16	1,70
1957	0,58	0,48	0,60	0,61	1,50	0,59	0,22	0,69	0,51	1,24	0,79	0,76	0,46	1,22	0,60	0,71	0,59	0,59	1,08	1,03	1,09	1,27	0,39	1,02	0,71	1,39
1958	0,87	0,47	0,48	0,55	1,38	0,67	0,36	0,48	0,44	1,40	0,82	0,74	0,43	1,31	0,37	0,54	0,56	0,48	0,83	0,97	1,06	0,92	0,48	0,98	0,62	1,34
1959	0,91	0,53	0,39	0,43	1,05	0,55	0,38	0,32	0,00	1,11	0,00	0,68	0,41	1,44	0,29	0,40	0,34	0,48	0,67	0,82	0,81	0,59	0,33	0,90	0,63	0,95
1960	0,60	0,47	0,36	0,28	0,85	0,47	0,18	0,25	0,20	0,76	0,79	0,51	0,25	1,04	0,32	0,34	0,36	0,45	0,56	0,61	0,58	0,45	0,32	0,61	0,48	0,59
1961	0,87	0,45	0,38	0,34	1,10	0,61	0,23	0,35	0,24	0,88	0,50	0,70	0,30	0,86	0,49	0,40	0,46	0,64	0,60	0,77	0,95	0,55	0,40	0,75	0,76	0,94
1962	0,44	0,38	0,16	0,25	1,35	0,41	0,19	0,28	0,25	0,41	0,64	0,34	0,19	0,64	0,39	0,38	0,40	0,54	0,64	0,34	0,79	0,29	0,36	0,58	0,56	0,58
1963	0,71	0,70	0,35	0,31	1,83	0,59	0,38	0,44	0,17	0,66	0,25	0,59	0,35	1,26	0,64	0,62	0,76	0,81	0,94	0,66	1,55	0,46	0,60	0,97	0,83	0,85
1964	0,74	0,88	0,42	0,53	2,15	0,59	0,81	0,56	0,29	0,61	0,37	0,59	0,36	1,30	0,66	0,69	0,89	0,85	1,10	0,91	2,03	0,46	0,61	1,06	1,33	0,94
1965	0,81	0,76	0,54	0,63	2,01	0,56	0,65	0,55	0,27	0,99	0,56	0,55	0,48	1,25	0,62	0,69	0,79	0,74	1,30	1,09	1,61	0,55	0,52	1,43	1,38	1,12
1966	0,37	0,42	0,35	0,24	1,01	0,28	0,26	0,25	0,00	0,49	0,00	0,20	0,18	0,63	0,30	0,41	0,35	0,46	0,90	0,58	0,76	0,08	0,33	0,89	0,71	0,66
1967	0,68	0,50	0,51	0,42	1,45	0,23	0,32	0,33	0,34	0,56	0,54	0,35	0,30	0,87	0,35	0,45	0,39	0,59	1,24	0,75	0,94	0,16	0,46	0,98	0,74	1,31
1968	0,39	0,29	0,27	0,30	0,85	0,24	0,22	0,14	0,14	0,25	0,13	0,26	0,17	0,46	0,14	0,25	0,24	0,24	0,55	0,38	0,42	0,06	0,22	0,46	0,30	0,46
1969	0,71	0,41	0,37	0,35	1,47	0,34	0,31	0,30	0,19	0,44	0,38	0,42	0,28	0,63	0,26	0,37	0,30	0,43	0,75	0,53	0,55	0,21	0,33	0,55	0,47	0,79
1970	0,44	0,28	0,20	0,21	1,32	0,17	0,19	0,12	0,12	0,04	0,15	0,29	0,14	0,55	0,24	0,28	0,22	0,43	0,66	0,45	0,70	0,15	0,29	0,58	0,25	0,70
1971	0,36	0,22	0,20	0,24	1,11	0,12	0,16	0,17	0,00	0,00	0,36	0,18	0,11	0,37	0,19	0,25	0,14	0,30	0,40	0,38	0,56	0,09	0,23	0,60	0,23	0,37
1972	0,42	0,21	0,25	0,21	1,69	0,15	0,22	0,22	0,19	0,17	0,14	0,40	0,16	0,40	0,23	0,22	0,18	0,32	0,33	0,43	0,61	0,10	0,25	0,64	0,37	0,80
1973	0,25	0,19	0,15	0,13	1,61	0,13	0,09	0,09	0,08	0,00	0,00	0,15	0,13	0,27	0,00	0,12	0,06	0,09	0,38	0,21	0,44	0,09	0,14	0,60	0,22	0,31
1974	0,43	0,30	0,19	0,18	1,30	0,26	0,19	0,18	0,15	0,19	0,25	0,28	0,22	0,36	0,21	0,40	0,22	0,32	0,28	0,48	0,75	0,15	0,29	0,63	0,42	0,50
1975	0,14	0,18	0,18	0,12	0,82	0,00	0,00	0,27	0,08	0,09	0,00	0,00	0,00	0,20	0,00	0,16	0,13	0,00	0,17	0,17	0,40	0,08	0,21	0,37	0,13	0,10
1976	0,43	0,37	0,39	0,28	1,38	0,21	0,21	0,18	0,11	0,22	0,27	0,37	0,36	0,49	0,41	0,40	0,34	0,45	0,31	0,38	1,24	0,21	0,41	0,72	0,45	0,46
1977	0,45	0,46	0,42	0,24	1,10	0,17	0,23	0,28	0,22	0,34	0,29	0,30	0,22	0,57	0,25	0,31	0,31	0,29	0,22	0,29	1,26	0,20	0,37	0,87	0,57	0,63
1978	0,47	0,39	0,40	0,30	0,96	0,18	0,22	0,26	0,13	0,21	0,20	0,35	0,32	0,77	0,27	0,36	0,38	0,48	0,30	0,39	0,95	0,22	0,35	1,21	0,74	0,58
1979	0,55	0,44	0,43	0,23	1,42	0,18	0,24	0,14	0,13	0,26	0,23	0,33	0,34	0,74	0,41	0,53	0,38	0,50	0,36	0,42	1,30	0,34	0,45	1,43	0,73	0,92
1980	0,34	0,29	0,26	0,15	1,07	0,13	0,08	0,25	0,16	0,31	0,18	0,22	0,17	0,53	0,00	0,14	0,16	0,20	0,23	0,22	0,38	0,17	0,22	0,88	0,25	0,41
1981	0,48	0,32	0,59	0,24	1,66	0,20	0,16	0,27	0,17	0,30	0,30	0,51	0,27	0,80	0,47	0,34	0,39	0,45	0,30	0,40	0,75	0,21	0,40	1,04	0,58	1,05
1982	0,53	0,49	0,56	0,28	1,60	0,24	0,23	0,42	0,21	0,28	0,22	0,50	0,36	0,74	0,21	0,35	0,38	0,51	0,36	0,61	1,15	0,31	0,45	1,14	0,56	0,83
1983	0,68	0,75	0,64	0,31	2,10	0,22	0,19	0,43	0,13	0,27	0,24	0,73	0,44	1,11	0,29	0,35	0,81	0,51	0,42	0,76	1,24	0,56	0,48	1,44	0,83	1,33
1984	0,74	0,63	0,68	0,51	2,56	0,26	0,21	0,23	0,23	0,41	0,42	0,61	0,40	1,15	0,30	0,37	0,79	0,60	0,47	0,66	0,94	0,36	0,48	1,69	0,67	1,32
1985	0,46	0,45	0,53	0,33	1,60	0,23	0,15	0,20	0,07	0,19	0,29	0,42	0,26	0,72	0,30	0,22	0,37	0,28	0,29	0,49	0,61	0,15	0,33	1,24	0,47	0,80
1986	0,29	0,27	0,33	0,18	0,93	0,00	0,00	0,00	0,00	0,07	0,00	0,15	0,14	0,39	0,00	0,11	0,08	0,00	0,21	0,29	0,23	0,06	0,24	0,56	0,19	0,35
1987	0,41	0,44	0,61	0,30	1,42	0,23	0,17	0,26	0,11	0,31	0,41	0,27	0,25	0,76	0,39	0,43	0,36	0,53	0,33	0,64	0,56	0,20	0,42	0,86	0,55	0,75
1988	0,48	0,39	0,65	0,37	1,49	0,18	0,14	0,30	0,08	0,25	0,28	0,45	0,24	0,96	0,21	0,36	0,36	0,45	0,32	0,46	0,65	0,29	0,44	0,85	0,72	1,37
1989	0,68	0,41	0,67	0,45	1,76	0,23	0,18	0,38	0,23	0,25	0,39	0,45	0,22	1,29	0,20	0,56	0,36	0,52	0,40	0,76	1,12	0,40	0,46	1,30	1,12	1,44
1990	0,56	0,41	0,66	0,48	1,85	0,20	0,22	0,34	0,14	0,31	0,39	0,45	0,23	0,93	0,20	0,54	0,43	0,47	0,34	0,66	0,83	0,55	0,61	1,18	0,83	0,95
1991	0,75	0,53	0,83	0,66	2,24	0,26	0,34	0,32	0,31	0,40	0,49	0,55	0,37	1,23	0,33	0,58	0,67	0,64	0,38	1,00	0,90	0,83	0,71	1,45	1,19	1,49
1992	0,38	0,37	0,58	0,42	1,53	0,12	0,14	0,26	0,16	0,30	0,26	0,29	0,28	0,86	0,22	0,52	0,58	0,52	0,39	0,60	0,49	0,40	0,66	0,99	0,74	0,75
1993	0,75	0,64	1,06	0,95	2,25	0,19	0,39	0,41	0,36	0,77	0,60	0,45	0,47	1,46	0,31	0,64	0,80	0,79	0,46	1,19	0,98	0,46	0,83	1,68	0,98	1,63
1994	0,59	0,66	0,76	0,74	1,58	0,29	0,29	0,53	0,15	0,82	0,48	0,49	0,44	1,17	0,20	0,59	0,89	0,62	0,56	1,10	0,97	0,47	0,80	1,36	1,00	0,85
1995	0,24	0,33	0,53	0,33	1,10	0,00	0,08	0,10	0,28	0,00	0,00	0,00	0,17	0,85	0,31	0,18	0,23	0,24	0,35	0,73	0,41	0,20	0,52	0,98	0,34	0,54
1996	0,51	0,48	0,54	0,40	1,75	0,30	0,26	0,44	0,29	0,55	0,46	0,39	0,33	1,21	0,40	0,40	0,48	0,55	0,49	1,19	0,88	0,36	0,63	1,22	0,66	0,87
1997	0,20	0,23	0,19	0,19	0,70	0,00	0,09	0,10	0,14	0,00	0,00	0,00	0,09	0,47	0,21	0,00	0,00	0,00	0,29	0,25	0,25	0,16	0,09	0,57	0,18	0,14
1998	0,60	0,48	0,61	0,41	1,90	0,25	0,29	0,38	0,18	0,47	0,41	0,39	0,31	1,32	0,36	0,37	0,14	0,64	0,37	1,23	1,04	0,62	0,62	0,92	0,54	1,42
1999	0,39	0,31	0,39	0,30	1,14	0,20	0,24	0,28	0,09	0,39	0,18	0,14	0,20	0,92	0,32	0,08	0,47	0,21	0,28	0,67	0,65	0,41	0,25	0,67	0,28	0,90
2000	0,36	0,35	0,34	0,29	1,07	0,18	0,20	0,22	0,18	0,35	0,16	0,22	0,23	0,79	0,14	0,16	0,16	0,21	0,29	0,54	0,59	0,55	0,36	0,56	0,30	0,78
2001	0,38	0,33	0,30	0,22	0,80	0,16	0,17	0,18	0,14	0,21	0,14	0,16	0,22	0,52	0,06	0,11	0,11	0,18	0,22	0,40	0,31	0,28	0,23	0,57	0,30	0,44
2002	0,41	0,29	0,42	0,27	1,05	0,15	0,18	0,26	0,17	0,21	0,27	0,29	0,25	0,77	0,14	0,23	0,17	0,37	0,26	0,66	0,53	0,62	0,37	1,01	0,48	1,02
2003	0,67	0,44	0,78	0,40	1,80	0,22	0,34	0,41	0,18	0,30	0,41	0,55	0,41	1,29	0,35	0,23	0,25	0,39	0,39	0,91	0,73	0,70	0,52	1,42	0,66	1,50
2004	0,52	0,57	0,63	0,46	2,03	0,38	0,45	0,33	0,18	0,34	0,48	0,45	0,40	1,22	0,35	0,36	0,26	0,51	0,46	1,00	0,81	0,94	0,68	1,23	0,57	1,27
2005	0,38	0,40	0,44	0,33	1,69	0,25	0,38	0,22	0,13	0,20	0,28	0,33	0,24	0,76	0,19	0,28	0,24	0,33	0,33	0,73	0,66	0,57	0,44	1,18	0,42	1,26
2006	0,64	0,68	0,57	0,40	1,83	0,34	0,49	0,36	0,27	0,30	0,49	0,48	0,41	1,33	0,32	0,37	0,45	0,49	0,37	1,18	1,28	0,87	0,68	1,74	0,60	1,54
2007	0,51	1,01	0,60	0,43	2,16	0,29	0,49	0,45	0,39	0,42	0,67	0,45	0,56	0,97	0,29	0,63	0,72	0,64	0,53	1,39	1,43	0,90	0,71	1,79	1,05	2,11
2008	0,82	0,90	0,69	0,46	2,93	0,57	0,73	0,50	0,46	0,50	0,89	0,61	0,59	1,73	0,40	0,66	0,90	1,19	0,66	1,78	1,71	1,38	0,79	1,74	1,07	2,47
2009	0,38	0,63	0,41	0,31	1,83	0,33	0,33	0,26	0,23	0,14	0,36	0,28	0,32	1,12	0,16	0,30	0,33	0,58	0,40	1,11	0,99	0,69	0,48	1,48	0,66	1,25
2010	0,48	0,61	0,46	0,41	1,27	0,35	0,38	0,20	0,20	0,23	0,26	0,22	0,35	0,74	0,25	0,31	0,29	0,39	0,51	0,84	0,72	0,51	0,32	1,06	0,45	1,24
2011	0,55	0,75	0,42	0,41	1,49	0,41	0,59	0,39	0,30	0,30	0,36	0,53	0,42	1,19	0,24	0,40	0,35	0,81	0,61	0,96	0,92	0,59	0,37	1,15	0,59	2,21
2012	0,83	0,94	0,61	0,50	1,97	0,65	0,68	0,55	0,52	0,49	0,55	0,60	0,52	1,47	0,46	0,49	0,47	0,94	0,75	1,65	1,31	0,83	0,53	1,39	0,89	2,52
2013	0,77	0,75	0,50	0,48	2,02	0,59	0,73	0,49	0,38	0,49	0,52	0,63	0,42	1,38	0,40	0,39	0,38	0,70	0,63	1,44	1,09	0,50	0,47	1,67	0,77	2,16
2014	0,72	0,75	0,54	0,52	1,30	0,53	0,56	0,45	0,37	0,48	0,39	0,56	0,32	1,10	0,36	0,44	0,48	0,48	0,65	1,08	0,82	0,50	0,42	1,21	0,61	1,86
2015	0,67	0,77	0,56	0,57	1,42	0,54	1,71	0,47	0,36	0,48	0,48	0,60	0,34	1,23	0,32	0,37	0,43	0,47	0,64	1,03	0,82	0,49	0,54	1,18	0,57	1,77
2016	0,46	0,75	0,47	0,37	1,47	0,51	0,42	0,26	0,38	0,36	0,37	0,49	0,54	1,19	0,32	0,35	0,33	0,41	0,63	0,97	0,75	0,42	0,29	1,02	0,65	0,84
2017	0,40	0,57	0,30	0,26	1,08	0,47	0,50	0,27	0,42	0,31	0,35	0,48	0,37	0,87	0,29	0,41	0,39	0,39	0,53	1,01	0,70	0,40	0,38	1,22	0,38	0,90
2018	0,65	0,75	0,41	0,35	1,24	0,61	0,50	0,40	0,42	0,45	0,56	0,61	0,39	0,83	0,25	0,47	0,43	0,42	0,64	1,10	0,88	0,56	0,42	0,94	0,47	1,13
2019	0,50	0,52	0,21	0,25	0,85	0,45	0,22	0,32	0,24	0,27	0,27	0,47	0,25	0,72	0,34	0,24	0,20	0,21	0,52	0,83	0,74	0,48	0,28	0,52	0,27	0,56
2020	0,43	0,32	0,17	0,21	0,67	0,24	0,29	0,17	0,22	0,20	0,16	0,28	0,18	0,55	0,14	0,19	0,14	0,24	0,33	0,56	0,41	0,16	0,14	0,44	0,25	0,61
2021	0,95	0,55	0,38	0,19	0,83	0,49	0,45	0,32	0,46	0,33	0,32	0,57	0,37	0,84	0,52	0,37	0,32	0,49	0,53	0,48	0,52	0,27	0,33	0,52	0,30	1,06
